13 14
31800 5872 32629 26126 13109 25751 29406 23027 17255 28071 13054 28386 20207 3400 
10671 13656 31278 5356 26340 12432 25151 30924 27464 1690 23748 8341 1570 30381 
25830 12382 19068 2494 22935 24030 24452 12625 28954 9692 12338 18576 1478 30182 
15915 11162 8199 7750 7142 22813 24997 8242 21005 21031 13897 11331 13350 11321 
27965 25897 26738 2462 8307 15004 10005 27642 3273 28821 29816 5414 16267 9919 
23276 27195 15673 29736 26512 3309 1419 27453 28276 7963 6323 6645 23038 25763 
25058 23116 2445 14203 11021 1779 861 510 32241 26694 32171 13187 5717 28030 
793 25396 18831 1576 13907 5406 1865 12246 30963 21892 22405 3092 31138 7801 
31199 4765 28032 15278 2578 13263 30919 8328 19902 32605 2731 25717 3945 9028 
12420 22913 10947 22272 9262 28964 11822 1791 6576 25438 13693 21590 4125 19462 
25084 15539 10680 12896 5041 32402 20315 12013 18402 3508 8986 9095 16600 11213 
1571 14765 23266 31102 13800 6939 12956 4994 17537 6301 112 4140 28747 13094 
19806 28945 7894 15132 25849 23810 32510 31223 10418 13885 5719 6666 10329 24803 
