100 101
15823 16544 9185 19885 20878 3659 23140 7387 6177 31097 19046 28014 9432 14152 18270 11415 14700 9884 2163 31087 27365 29038 5251 28904 3515 22631 12137 30212 11580 23725 11392 19013 4653 15357 19043 2660 7348 29434 31735 25414 30070 14788 17068 4907 23036 11981 32255 2857 2139 9192 21572 17625 3604 16803 6306 8272 32313 29911 21087 24144 21201 23165 18781 2752 32126 7619 15333 27482 27485 31840 8612 18084 46 25892 8179 5921 19637 25811 4956 32456 1119 21811 21081 3765 30249 612 3422 14111 3262 14960 28698 29578 6623 31523 26619 1853 28936 12829 13296 24055 5457 
17189 8562 25822 32402 18624 6853 28600 14794 17154 27259 32349 26818 10405 22587 30316 25837 3672 704 9534 2451 22617 6948 7704 26926 10822 25951 18597 29205 2353 8715 13219 18007 25586 17770 32732 19178 30145 8105 30552 12805 14084 23142 9425 1226 20581 28529 32615 28712 17448 31951 32405 22784 16827 6661 10852 31622 22415 4755 31710 6635 30503 10686 8646 32313 32623 19346 32134 21374 16718 20264 27753 6700 12926 11813 12554 15296 17052 21891 4365 418 1659 29588 31500 29516 11710 26435 18644 24495 30374 13470 29138 5586 5160 8849 16840 4285 14915 26100 26564 6805 17552 
32201 29011 11016 11035 9406 1522 1260 14705 31738 30405 22306 15354 21269 30348 25793 6025 12648 3538 30832 32562 1160 8039 10004 15452 6157 4369 9644 15638 15000 27775 13944 23727 13332 3198 29025 6784 28987 10864 27541 13069 2140 24569 626 20301 31580 28923 19877 15941 23292 29125 31891 27868 12121 7559 8952 4074 18873 28937 14541 13458 25476 23965 20848 10962 11921 10323 19967 32344 15011 18795 3844 29079 21556 24592 26968 12059 16497 3651 25153 9497 31365 20757 30430 16203 22042 10521 29381 29434 11037 10009 6634 20829 28354 12552 10691 5153 24009 4920 30121 22601 7167 
12749 8834 31544 27911 28274 17821 19980 27226 5706 27357 4910 23181 27689 17946 31271 3539 8965 5060 3510 25538 23719 27849 18463 24154 166 4537 16837 26179 32662 28969 11771 9302 22141 27989 6680 5215 26246 9481 8905 13601 29946 17345 5036 31131 26475 7439 9498 24458 4147 5949 19524 20271 7965 10547 20865 10322 2657 28572 8422 8327 982 7493 2328 22192 20067 19141 23646 16323 1974 26979 10234 20686 14905 23860 30138 2616 19266 644 19402 18505 6539 8823 24268 31980 24545 6896 10794 14004 12320 15794 25259 6430 6750 10950 30533 10774 21607 10780 5171 6332 30058 
18549 23623 24935 6641 15231 19584 29418 1046 20802 32223 14615 3060 28348 14711 12418 29789 25032 4804 26504 30667 2629 31805 4239 8600 7795 2604 2446 18289 3744 22462 31953 14088 19461 16982 32502 27657 30443 28455 20028 25168 14354 20226 5885 22617 18770 5228 24952 5623 29059 20468 3284 2889 30619 9924 31586 23530 20758 22389 21539 10857 3995 296 32138 14329 20956 24786 13698 11369 15294 30935 27315 6742 14778 22235 15105 5023 4994 27604 15190 25113 4584 10852 27810 14468 15356 24423 544 28606 28533 30920 23770 9271 22611 11928 24687 18341 3010 16993 1300 31481 19008 
18615 19161 17553 11522 12561 29230 30383 17044 32727 7589 23082 24257 28348 16633 29027 8626 26446 336 26491 31322 3019 27325 32707 10257 16951 7945 6516 32638 30123 25011 7073 30395 496 9525 23913 15540 32077 32137 24177 24528 21660 7148 25490 18388 28067 14306 19406 1796 17314 2426 12681 18059 12841 14547 11253 21020 25132 26335 17615 1754 3417 13159 30281 10613 2985 25679 17735 26518 24374 4636 19405 2174 12876 32179 18360 4330 31682 29539 429 24121 15755 24358 8272 31952 4488 30244 15286 15806 30880 6521 17692 20380 8211 22072 5849 24247 4363 9904 16529 114 32373 
22766 25516 28133 9486 16003 13318 20938 29121 2439 28904 11674 25136 31453 27192 6643 21393 17849 26092 26173 13243 19552 31172 23437 18560 6703 11577 9929 318 16095 30641 11790 1713 28423 28404 21838 32011 3554 14819 30270 11335 1107 7016 3951 698 2342 10665 28346 9707 16025 1409 23266 1444 18715 9776 117 9545 17235 3409 9715 3945 13156 30477 27442 10131 25968 23183 6145 20075 20315 20151 15884 3068 25041 10003 12800 13392 27274 23819 8175 14910 27596 6491 16117 9348 3378 29127 26652 22806 2477 12041 5245 12981 16072 12047 1704 5314 16688 14179 9030 29013 6771 
19435 15613 30090 5128 24018 22420 20507 13200 26310 9816 17972 19547 17508 18878 2690 18990 26608 4169 2702 6467 11850 16046 9801 20370 29725 9015 1511 31567 14938 30821 497 15028 28389 23257 20886 256 11662 22132 29507 11456 3394 20158 883 21325 19842 18052 30151 26006 30741 19142 25689 4639 19194 1232 26958 2122 32417 14246 13994 214 15451 11429 24680 12197 22798 21352 3275 706 10285 6377 32495 21154 31463 14824 12195 26538 8095 5265 26747 30962 30109 15705 5408 2121 26883 23337 16107 16249 27394 3774 26290 13004 14925 26960 12514 11470 4046 13937 6094 26453 921 
7481 6215 21951 15902 23712 3181 25723 18850 10027 10436 20939 6128 25035 20363 967 4171 18946 11849 32678 14760 18247 22952 26169 21786 27564 23430 6584 31886 26558 26442 28865 6584 30124 10356 6814 18765 32684 24441 6343 32371 1435 16589 29095 31350 1507 19009 163 27836 28066 655 1881 20219 21513 22323 25637 20905 1282 3197 4586 27828 7957 29669 21775 26740 18572 23710 14791 29406 16341 29294 18326 5370 19241 32444 3601 7319 19307 16363 28389 20029 30291 19174 18714 29539 31691 11004 27033 6370 6809 13295 25836 4522 26687 14919 15942 4531 20511 9708 32707 30007 3555 
4852 10224 2079 10012 29882 4238 25019 10281 28464 12947 10421 10331 23158 27506 21320 22871 9387 10140 14253 9659 1539 5703 214 8964 15129 19054 23391 23215 14727 27929 28354 11934 4789 25822 30410 23742 30958 5800 4426 26087 6841 9143 5134 23555 18534 18664 32530 23411 6119 17207 24306 13230 31457 23938 13218 811 31491 2960 12127 19074 4247 13905 25061 15054 18262 7527 9187 17237 9601 29158 22188 8811 2349 3672 19503 32147 28639 28677 27433 17640 23640 21873 25497 26043 20146 9765 1909 4222 684 1970 7067 5600 26691 17396 13578 7994 2690 25748 30290 17962 22682 
10192 16713 20349 1333 12927 12544 3411 28680 9039 28661 11389 19879 27474 16010 28970 414 4025 15798 9923 24253 14559 20987 18195 16819 12937 12952 7339 14815 16748 30975 25733 13410 29167 17545 13031 23929 17459 18025 8074 11274 22864 18911 31996 19324 1506 3246 8003 22476 28101 31695 30147 8157 3356 10343 31842 25104 21144 2295 18409 14101 12023 23250 12717 7937 15818 14293 26224 25760 27516 13394 23682 19212 15504 6477 29995 14718 6698 3819 19790 22885 18385 19239 326 23221 26227 6343 26644 21122 10409 19086 2492 26573 7229 28340 21740 17054 11498 22163 22495 29011 17506 
18083 129 14391 11158 25256 10196 32598 4401 10794 27794 21136 22885 6438 8468 10221 6891 16643 20594 24624 27973 28103 7916 13743 27719 11147 2440 3425 5333 16429 18685 24121 24302 27972 23504 8882 14570 3673 31677 2220 18431 26452 600 21366 4618 14132 244 9260 29836 25347 4036 7235 3315 19721 6208 3682 30236 11329 7882 12659 32533 30729 20370 2555 16167 15389 21175 32166 11028 26822 11183 17703 3997 29519 10216 12350 5447 23225 8367 28698 12639 25776 5202 23522 10300 9917 23169 25487 1220 12220 30714 9468 10546 26001 21862 22336 23830 27415 23933 59 31900 8793 
18033 10351 11538 7941 2698 273 15013 7453 21517 12384 875 20464 24675 14390 5031 7497 7799 10973 22344 6374 3168 8739 1202 21547 6208 11441 9409 22040 2156 9624 23563 20345 11981 10797 22886 24412 27526 8727 3499 31688 17110 3494 4281 21164 2624 3687 22460 14102 28906 24053 8367 28325 26436 10001 14111 29505 10729 29941 30258 32009 29642 11494 11241 26765 7049 17929 16802 19774 8227 13175 19937 22563 26834 13459 29519 16077 15410 32668 12547 24204 12962 31358 2049 23523 10221 30190 6656 22074 28714 7861 9585 979 21472 6476 700 18943 5998 31658 1741 9618 4522 
6490 28367 30612 5577 21968 14647 2617 13439 28925 4101 25107 6246 545 10310 12167 420 5345 15070 29822 9417 7321 31364 12892 28918 12787 11022 13366 324 20153 15855 18752 15715 31719 6142 900 28034 9733 25721 20186 17775 2995 6473 29716 11008 31366 4231 23673 15281 19986 23360 10613 21902 25928 12661 29838 10068 515 9062 19354 3027 18141 28689 15663 13462 18247 9461 2396 26566 24025 27419 19094 21836 15590 9559 10997 18230 27988 17356 31137 12636 12202 28846 13447 25667 29547 31308 23120 26433 22691 7757 6291 15842 28607 6713 10825 7307 11169 9532 31362 20573 14836 
14119 24407 24156 13757 16568 288 7633 26675 14619 16871 20973 3025 9392 14620 1710 17833 30991 6025 13575 18683 586 1929 29243 22790 11634 23925 11914 7454 23644 11360 18191 31487 9892 4868 28393 27489 11251 21755 13209 31949 23422 5171 8363 30894 21711 16028 18073 24235 17864 1059 10476 10804 27109 26852 22436 5723 3777 18331 14298 21478 16860 22620 16292 26018 2971 3973 10553 5882 23440 26864 24917 16583 2556 29549 13535 20586 4754 12399 458 17689 27774 7173 28473 6006 9126 28940 28902 16230 5936 32164 6596 19488 324 7136 483 17028 11283 8898 17300 13743 30744 
25446 21455 19916 6045 1661 14801 12588 9090 24061 27145 922 27962 32535 18485 28648 12822 14442 5321 28622 5062 14454 18832 17909 31261 30803 10645 24142 16916 16034 2116 2216 24082 20165 3021 16770 19306 6219 28361 32029 293 31406 1312 10454 15363 28993 2090 22195 19388 15204 28180 18236 17803 21754 20614 17804 16365 21277 9858 2471 31655 30992 21904 5390 7686 6516 24088 15761 24682 6079 9999 23141 22790 7659 11477 18294 16609 23147 5982 13054 23328 23139 31633 26967 24968 21528 19437 4878 6719 30118 15474 6456 31442 3057 7615 9225 31868 5597 29560 26530 1446 6082 
18922 13099 3242 17178 3826 30242 22492 18045 29210 12274 32459 22992 4102 32200 4292 23225 27919 15010 1176 3413 813 26025 21919 21806 26394 17088 29181 31335 18612 26973 24100 20282 21156 13719 12699 18853 11581 20353 20733 25951 10406 15543 2372 25105 21052 12342 28743 12739 31026 3185 11906 11156 26234 19361 5654 22191 19433 16988 11024 24954 11926 28777 238 6417 20611 21459 4448 29938 23935 29244 28747 2810 24394 3188 275 32656 15611 12362 4378 17952 18847 7330 31620 17867 9763 11208 14910 13916 31348 14340 2110 18814 18916 11887 30988 29741 26320 17412 10625 27755 18815 
250 28110 12084 20046 5714 8385 8883 7946 12716 30788 10422 19358 17246 807 13664 21998 27335 13343 15901 13570 31969 7694 5339 4967 22806 17796 888 19666 85 11142 15222 28423 8804 30095 28150 16889 5496 22229 8164 6963 27651 7885 3695 118 7373 4337 14268 23972 28998 27073 23515 20956 11803 13576 2554 22503 10759 22880 3544 19923 18156 31992 20861 8157 290 10133 1833 6805 2318 17879 12170 10300 6903 29118 20529 32113 2326 9324 28231 30989 11244 13613 8572 15179 11481 18868 21313 14380 24297 7080 32311 18713 6641 14175 487 458 19419 6121 24243 19560 13374 
17488 28172 4334 32306 21022 27366 27605 11362 28960 24169 14320 2914 25706 17642 28565 7747 3227 32537 10493 14693 26466 25468 12781 16269 10305 1052 3734 13623 20113 31870 24507 7726 23751 23508 29713 22873 5365 32629 2283 28376 24212 29067 32278 1104 14720 8203 258 27522 25156 32747 29475 32547 2968 28815 3991 16871 20776 29572 5129 29664 18327 3184 28885 4614 19908 23881 17517 29719 844 21190 9723 31905 2128 29971 840 3932 27256 12489 5596 16830 25399 11293 13159 31178 19281 31832 32095 28457 26523 20359 13291 17019 29442 24179 12288 7919 2511 15059 18633 6673 23082 
19905 10317 17892 15836 6763 21324 10545 8537 6411 26729 4638 23549 15897 23183 30466 23958 446 10893 22904 21795 31629 25603 24499 13531 26222 24962 6161 14193 8410 7151 6898 19095 32078 2344 32458 705 30457 19946 21109 31787 7864 18163 4555 19741 21573 11619 18549 28014 8108 23144 22271 14151 16126 28186 3629 25897 15432 23972 5267 12593 8134 11429 19040 31131 4693 21974 8059 3718 1063 9964 4049 3318 11194 5056 14829 27423 28939 17581 17353 6625 6407 25657 483 24463 17730 28664 5268 20468 7147 4270 28573 1432 11264 15796 3 63 25022 12189 25630 19635 8028 
26136 27116 22979 19960 17688 18347 7820 31442 3379 17062 30199 21688 13128 14415 21379 7617 23397 15758 13637 25918 31464 18521 30509 7662 26084 6021 27530 25713 19398 19675 23760 2559 26424 28015 23705 14170 25925 15405 1003 15361 18366 8885 2233 23975 18141 7273 19628 15331 30249 22467 18723 7209 12441 493 31864 12793 4092 28811 15493 14166 29592 7643 4710 27002 23058 11009 897 15816 4750 23708 27588 25346 2326 17821 19758 25276 12864 5209 14481 30481 23051 13789 13206 26772 23051 17281 16385 2185 31430 28352 26678 6998 1117 24390 29948 18228 17007 14155 12418 23338 32570 
12832 23200 572 14851 4359 12894 14048 7352 19016 14522 2737 29909 11905 4262 5735 13188 30782 8273 9735 14600 31177 22439 30039 28507 23876 16411 4245 30742 10996 14756 11624 29074 2528 2309 4119 5965 28315 6994 20729 16783 11358 8880 5677 2125 7257 28764 5514 3405 20299 12271 29401 12683 32081 26592 20034 14812 10235 25418 5893 9937 8869 26863 30315 17374 29957 25470 26363 12731 19456 24337 19440 28683 27842 32762 7403 10812 24077 22207 31206 19374 15313 13667 15209 7959 26878 27111 21248 32038 5014 529 4076 20070 16134 31852 7193 25702 18614 2704 17744 28183 6879 
18595 26286 2933 413 3616 1621 17513 22085 15319 31585 26350 29944 11062 12318 4212 12408 8902 21624 26241 14395 29688 5298 17054 9406 9762 10331 21873 7708 21189 19838 1319 20703 5905 1050 2837 9494 16043 7633 5278 27560 2989 30180 27479 30183 16367 25951 26729 19304 19333 18321 14135 29203 17544 8895 11073 31862 3098 18714 11592 21086 17572 1517 948 26537 32098 11035 31282 21846 14114 4809 11425 2270 9800 26968 31023 32199 22038 21398 23999 13686 4394 17717 17551 24901 13128 7036 1047 29397 18522 20540 5684 1702 7349 22790 19077 23780 8862 1691 30741 21636 20749 
30884 29243 7312 24497 31139 17599 4031 1075 22314 31550 28233 5311 2635 30672 27129 13249 17487 7399 14468 26860 13226 20091 8217 19329 5423 3684 12857 8654 25985 14343 10441 6645 18122 7988 6502 32750 28335 5711 29432 5327 12419 8110 31114 27467 30650 20035 13401 28025 18081 6523 554 28631 3405 10341 18401 30095 27857 22551 27984 2553 15029 334 7245 21344 22691 16724 30215 17161 13410 18983 12954 1649 1033 32215 24288 7639 4716 22832 11402 15354 12251 29081 2160 21284 6924 2620 27430 29543 30293 1127 6096 24103 7454 12082 15671 29401 28055 14947 11548 22793 23206 
20622 7628 2978 23076 7297 10740 10602 840 15839 695 11980 29027 28938 2046 31962 16078 28230 15119 20882 11297 17436 16226 5472 18342 12541 23983 8677 10510 16424 15692 26103 5474 11726 18358 2793 7996 22131 27246 32524 5942 13719 11014 2421 24739 14230 16763 19201 32381 25293 11461 20631 27807 7166 30125 6829 6452 2549 5087 15886 4720 23660 10560 474 15486 31277 1921 7886 9145 23158 13301 965 16158 3489 23967 17279 14081 14596 31120 4002 1024 2583 31088 25854 31286 25812 20570 19733 5297 20836 14829 22747 5413 27895 30623 14522 19425 25076 30805 5593 7171 11090 
7729 4254 4072 10053 5803 2162 4583 15646 30948 4292 7487 6764 7734 14160 31565 19304 26896 32673 24835 12944 28161 14292 149 9105 13074 2720 25461 9578 31065 29331 8322 8143 17611 29342 17021 30667 5714 14292 29372 24490 3104 2159 15394 24086 23618 9236 31310 20608 23928 31064 18707 27842 4676 21634 2088 1538 27201 27538 18209 6361 11702 27523 11678 25268 18283 27342 13251 2171 24763 25903 16104 4209 1003 9387 30353 13148 14522 15314 26016 18661 20281 30018 15305 21313 19677 23660 17223 28177 12243 17307 24269 9351 31891 27442 9152 29387 18872 11828 25763 30365 15887 
22538 16339 4923 13550 1921 1652 3205 31943 17171 4011 23903 25596 8807 19469 19799 2037 12571 11608 2440 6769 28352 13921 17597 4377 4134 18254 8922 29531 26074 31237 29560 14965 3054 8933 32720 30672 18168 18867 28634 13712 12893 11991 2742 17769 9168 12488 22090 29108 26645 9669 23085 17602 15627 32198 2499 23152 11497 16562 6570 28667 11976 15570 17493 9750 12386 31110 16887 10554 27929 16950 30627 13374 13883 23948 8625 8487 4228 17632 32099 31809 19172 28660 13769 19823 29315 2274 6113 3007 18435 7250 20995 28481 6661 6640 17020 5402 10478 14622 6522 10708 30699 
5605 21032 3576 12082 6706 18201 10463 29579 1855 26090 24005 22287 13135 17955 22303 18224 20382 10079 7214 7162 19096 6829 9429 11417 8777 23349 24488 3354 15125 6687 24133 22902 3753 16816 7143 12748 18225 29622 4664 19438 6859 18215 4199 15903 31548 2309 2171 26395 28131 1156 18151 5976 8171 5743 18526 24460 2756 4040 8680 10351 15571 11183 12086 30658 6760 7300 31538 1680 10993 29776 5851 3252 18030 27745 21072 26011 14117 20533 3114 29259 9111 3994 2831 23716 21682 15378 5509 8166 11336 30076 15363 31348 24512 2545 2382 11480 19212 19693 3331 10758 28635 
27055 29807 7397 29967 13538 9639 26379 14961 16764 4309 31944 21667 15591 11217 16999 1367 22111 19441 20144 959 13723 21025 14002 10564 17583 23862 18111 22139 20785 30335 19639 9301 18586 27805 22410 13718 5104 20629 4088 15496 22178 18724 3739 2288 5300 12371 21288 12865 1051 12106 16626 12816 3435 19561 17583 712 16303 8085 1919 5791 15256 8400 21290 15048 23003 17677 2985 15082 4308 23874 25065 22738 23919 27582 9163 27749 13128 25533 19823 16344 14353 1850 16306 31779 20021 22276 16373 14770 12986 18708 9505 2398 12908 14622 21991 2461 14904 18278 31821 23541 18134 
6613 4710 3767 30635 13132 11360 20201 18669 21816 9157 30340 14600 8039 2042 19168 23872 25114 30732 32620 10648 22107 18859 20642 28659 12432 8567 19258 23162 16721 24699 5022 25917 6263 2807 16799 6941 24181 3171 9318 6633 22508 31920 685 8647 18297 19153 11055 13270 8658 28794 26972 1041 18449 4904 12882 17015 15439 13921 7689 32617 1141 25405 205 12115 12111 26917 14578 4494 12258 7131 1219 32389 768 12986 29883 24855 21273 11584 19960 24381 3668 24777 28908 30189 8926 5021 6230 3134 21890 18733 1136 16844 26235 9114 26218 31838 30854 32375 8216 30918 28219 
9936 11240 25353 12700 21611 16662 14784 6639 18509 2083 190 25545 13440 29571 1779 28524 20756 4246 17296 14674 16996 25817 3692 16650 13467 11102 14247 21059 20598 1657 17037 25639 27979 31165 18365 746 9290 16422 17034 30626 10499 21144 19873 8793 2856 12936 4844 14944 17812 19705 29367 26855 16013 2475 9746 29131 7494 23183 24694 24239 6312 24445 13483 24654 9042 29225 16616 23055 6367 11860 26173 19419 20583 19007 3886 3627 14408 21349 18849 5221 24358 9065 14330 10600 3632 8526 7556 23141 22693 8934 2579 1010 17559 653 26855 13657 28912 15639 30420 24118 23730 
11270 25504 31297 13187 12288 8877 12136 17256 24449 11991 4641 32721 3534 17824 1022 13782 15914 23947 24705 21952 22347 23493 27699 30155 11023 19722 14832 29226 9836 9671 31365 20044 15781 19836 27261 15198 26820 31077 21047 26641 17476 6745 19516 32157 10766 25074 17872 28166 22183 8942 28103 30621 28327 4309 1434 459 30829 8924 18618 14090 7697 7690 24100 52 19354 2713 2102 17664 32113 6303 1729 5577 21270 14318 24415 8850 14866 26424 7 9032 17709 32375 28638 5446 992 30859 592 29215 28173 37 16480 17303 14318 17381 31804 14578 8780 21951 17173 8562 6897 
6563 8493 28699 16735 1885 27698 11449 9154 17338 1994 30244 18468 21740 22639 31171 21984 30255 22653 1103 29529 20141 905 4057 11243 3999 3061 29455 29218 15798 3777 5563 4650 10681 14756 20108 10375 23663 5980 19993 28934 31167 30274 15139 500 24342 7457 25626 18317 265 16968 10723 21431 19516 30942 2009 22001 3458 2166 23826 20358 9541 25315 23267 22534 2601 11342 15526 1526 24300 2438 11450 20423 8081 10390 31436 30981 10685 14237 1877 24529 9313 15834 2148 16017 2713 2823 2974 13798 24020 12520 22915 13023 17206 15139 7667 1388 4154 6482 31216 15125 2716 
28503 25253 4587 24438 16367 29095 6079 5545 9611 2684 18835 32638 3419 31066 18254 28557 10411 28464 28596 13534 2162 32491 30868 8783 5928 32754 22339 9525 25817 31218 3402 12102 31096 32225 11612 30647 8565 4157 11403 22433 26769 2197 21435 17833 14066 2635 25942 13536 17522 31384 19265 23272 22077 6096 24847 8537 31387 5608 11893 18018 14090 25653 9726 28852 23696 118 15360 15003 30287 31509 27087 30830 1626 4266 28976 15914 1223 31937 29713 26714 21766 27101 13431 11322 9585 8893 4279 29467 27939 26845 4073 1289 31758 5184 4762 18092 20808 24685 31681 3692 11174 
2744 26100 21720 2188 9666 14556 17481 1283 17987 13031 27586 21772 27911 15164 6427 17717 21047 4084 7775 31337 30170 9351 1650 25612 6555 17540 31991 5192 1997 20102 28016 29345 19372 7011 7591 31952 16102 26022 18254 2510 4186 17728 29922 17199 10271 4986 9685 18609 3272 19246 32235 12821 11750 14647 997 25389 14287 4390 13149 26167 21662 14902 26097 16489 32379 26755 22435 29901 18205 22134 19072 10575 14476 12932 3456 8725 13100 5400 27310 1806 27895 4813 16520 10190 30218 16097 19113 12697 26211 12775 23973 3005 6377 26811 6709 20005 6060 4027 23444 1580 7535 
3636 25896 15791 20580 26139 4965 30822 6710 15358 5103 7028 16716 6969 26878 29500 10061 19053 15367 19319 20703 17454 17305 19843 6837 10236 16517 6398 16328 14197 22081 19092 5348 13256 17038 25877 7527 12141 14425 20683 23878 10260 25055 25866 3152 31963 19989 12296 3767 5315 19783 28911 22220 18789 255 30769 5130 27105 9000 25116 21334 27160 18547 24494 29829 4635 8698 426 6431 16866 548 14827 28770 7490 10440 1785 1162 13337 6805 32218 27984 31436 1969 9771 2993 9971 1440 23663 13040 17490 8296 11942 25310 5644 1778 26402 30553 6163 22196 14742 28947 13539 
19085 18032 15253 880 20720 26728 5251 8540 19781 89 30753 32110 2188 13136 14102 9792 5444 20195 6512 28983 10891 18373 13033 3512 14982 1687 19560 22681 18435 30464 1739 982 16221 3327 6884 26246 22176 13440 23233 2317 14574 24366 22577 16786 290 9353 21635 29876 18354 10296 23953 20088 18394 15008 15358 1926 24567 26549 5819 2710 28977 26640 28624 3621 25180 10307 24153 30316 18976 23145 10702 5010 1112 17921 10888 4129 14009 18940 4993 9143 2228 17684 2396 24062 4765 22624 10917 7645 18444 14373 27993 2288 24964 32496 30121 5942 2386 14049 18939 1802 20408 
3402 2098 19797 10827 25721 47 22017 666 14289 22423 10417 6160 1568 6871 17839 14620 13868 24422 20261 6030 10639 23370 21137 15429 29125 5598 18035 24071 23428 5586 4168 8112 17483 12403 9916 31119 28222 24109 9244 21005 17969 14414 23818 2447 20483 1036 20340 32158 11565 28362 32199 18246 29082 24471 2655 14523 15034 504 10051 24131 15570 28135 11791 1615 14998 4379 29745 5355 6905 15754 12120 9817 4420 301 32298 17657 2917 11011 26934 13933 23178 8536 28713 9209 18927 27975 30532 8752 6132 8062 10509 23501 1395 29249 8261 25567 28496 19634 28187 29481 9810 
2895 20639 5320 31025 12732 11641 1558 9456 27075 9435 19919 8044 29593 20660 20082 28726 27490 1063 22506 2974 2040 7995 31854 25616 14056 19156 11430 9636 14782 12514 24335 20464 10371 1240 18080 8737 32131 28768 23726 3402 3668 14412 16909 8443 5651 11728 15224 9750 13553 16367 19762 23518 2286 16692 14830 2897 17381 13730 26861 25784 25289 15597 30566 23420 27182 27883 31018 29755 19467 12357 11400 14619 23230 32114 9582 18526 27984 31206 13266 12599 6395 23942 2384 4828 9193 10848 25109 12765 5439 3225 13563 30644 1626 30374 12021 4253 6488 19903 32174 7080 14555 
14993 11629 8460 1289 29236 7740 17086 4568 2908 21577 23362 23176 13267 10124 32450 3697 23079 5802 4701 6910 8096 16666 28097 5882 9844 19590 15100 29450 4158 14708 2191 4987 16557 27429 16836 14142 14457 26301 322 20529 7324 3493 29151 12449 15806 22318 12725 12812 13297 19831 27512 14635 25246 20880 6663 15151 30911 27359 10816 10316 16719 9667 28441 24436 22527 17784 7148 3941 5675 19771 14611 10469 19468 9390 18101 17996 6703 23421 479 11332 32550 20546 32727 18381 28029 16038 5037 19844 32240 30921 12818 24100 4570 20453 18285 21581 31217 28718 13356 8068 30001 
13308 25432 20604 7190 12843 12141 14995 3086 3010 2408 20128 26414 15572 5665 4844 31780 29860 13787 23678 10861 14604 10778 11676 22216 22816 19893 23950 1002 29454 4907 28069 25459 4425 15674 12156 29473 8934 1454 8318 31299 21318 9848 7848 31601 1269 30975 23184 28283 29650 8123 10919 22175 17008 28159 9147 2303 30397 534 6848 14162 10721 17810 29647 4825 28521 18401 25199 7060 14245 10017 32532 28599 12622 31541 21989 12120 28268 30489 21186 18538 20599 13426 11910 16110 32701 23914 16777 17768 29187 10426 24426 14736 17519 23560 8203 22859 27814 18548 14812 17369 1329 
30062 20829 6992 14629 28106 25054 23113 4867 25366 9097 12761 13021 6955 4771 963 12218 23554 31759 19691 10300 18889 13076 5134 18048 27446 21600 12465 15174 18460 14924 32343 29778 22076 1633 20471 4626 10333 25627 14253 24704 5023 26862 30384 22346 16140 13703 10628 25904 20848 15444 1137 2734 12650 20806 13363 2012 3012 26326 14067 8594 5120 7238 16758 16847 13107 297 1173 30556 6423 12837 26349 6316 25435 13048 1751 3591 20285 10681 6299 1768 10587 24416 29920 7843 28614 10633 27495 13386 23129 8565 11769 31186 15689 19538 26526 32370 31228 6332 21520 14412 29215 
21891 27503 20815 12531 1455 30262 15196 16103 13761 7534 20391 21356 13884 19234 32097 22789 24420 28434 19348 30621 16966 31659 12878 6430 27384 12087 3841 7231 6178 32082 14378 10654 3005 11421 29745 24334 22811 31926 22416 17714 21544 26727 20024 17227 1519 22557 21552 1358 19040 22684 8576 2106 31568 10738 19789 16552 19649 15017 11333 4003 15972 25409 28222 31163 18012 30174 16153 21589 6469 30269 28397 23877 13173 3564 25954 28831 1921 4283 25690 20681 30211 9582 24023 13525 29339 26292 24857 4366 31284 4189 25350 19921 16009 3271 26063 24735 10983 30361 17361 31599 9780 
25268 8633 17993 13872 1639 19436 22288 26619 3554 806 23456 8664 14062 31840 10777 16944 987 6136 11129 12250 6841 5132 21617 16281 9419 15910 8305 4838 16952 26655 17158 21488 26116 9277 869 29410 11839 3231 30280 18532 3196 6619 2552 16740 21125 19685 6315 30742 30541 12339 29969 24121 10278 29726 9514 23709 31284 10892 16218 3042 20514 26060 7615 27266 18451 16065 23490 13330 17884 1603 20972 15812 28016 9666 1020 31793 8603 29484 13622 5717 23284 31761 5885 10715 27405 3078 17828 9371 32748 29255 1922 22370 31679 19104 580 9713 29899 19853 23175 30792 29094 
27552 29095 20772 13734 14371 13777 11718 12697 26367 14432 4854 27830 25052 32358 27464 31188 14474 16264 6814 19674 28831 1808 27374 1143 30818 27453 13893 31763 16616 20189 29196 14853 17277 24862 32651 3590 30278 20386 26027 29669 29732 24273 22528 3709 23514 23667 12038 20197 10867 8318 13739 7142 5342 4140 28686 3506 9436 22353 16263 4562 7452 19436 2023 2913 26787 12284 14849 17272 6514 17813 26473 15849 14947 26930 17275 17968 30805 9805 13727 18598 26248 31277 24780 19448 25162 14592 17483 7896 22996 18729 22974 3570 31343 10459 21600 13858 2523 29159 25998 18148 28400 
20434 10887 18700 11654 7211 10096 15799 22931 5403 29595 10625 17811 25150 31496 24568 28717 23473 31020 9041 29971 18285 4338 27738 1322 211 9728 28336 10731 16007 23355 11570 22537 27266 23181 12981 5459 16483 18918 17146 13789 9734 4480 6109 29786 29272 22376 32462 27085 5738 21562 27269 10337 23748 25899 19698 32148 13051 32589 19827 8091 12678 26639 12106 18946 21965 22275 31822 3476 8835 25829 18400 22394 6710 27608 7713 29607 18468 15602 29539 3699 19281 20219 10205 31109 6102 19058 29602 14327 25212 5841 20180 5557 27273 19731 10772 20006 5594 13170 2878 1551 4914 
9845 25171 7348 30418 4906 10935 6208 1354 26288 11421 12646 8334 5881 29375 16969 2892 10446 18514 7321 30333 22292 21305 2815 3387 16205 7801 444 29394 14178 10477 17037 26393 12447 19515 30673 1283 19455 4102 2797 20337 938 15717 14832 74 3516 18068 12403 19918 23624 22250 10180 6695 24221 7947 21059 16705 26567 12639 5643 30940 24153 707 23253 30432 6506 25470 28442 20976 3806 1142 18552 20545 14055 23716 9047 6317 18634 709 17868 31235 13543 20306 27070 15522 32756 23219 4679 12870 25481 11184 20572 30753 22497 10792 15025 7982 27359 10757 7383 11970 2127 
8815 8615 13668 5999 25920 31972 23518 4525 27320 22556 11924 30387 1395 1743 4373 16801 4759 17876 4080 17305 31314 2551 1225 1921 5252 8679 16555 8964 17848 12112 12448 6362 26713 15172 12415 12362 22051 27103 6 26093 9687 4395 3624 22964 28979 14145 3752 24108 14113 15281 3559 3329 11823 12324 30459 1218 6975 9280 16384 13283 127 26828 12467 21768 14492 3605 30525 129 21043 8592 32588 30480 16265 28352 16232 2547 11899 18266 28805 17438 7352 5800 25556 14537 31789 17451 27359 6954 31681 10628 1493 900 18499 8085 19490 1376 22944 26339 17219 31514 8282 
28478 6105 10912 10037 17061 27900 10103 32052 5988 13777 5631 31683 19839 19807 13303 15670 23379 16542 19011 22386 28027 32465 27629 12010 15857 25622 9835 30158 26229 21052 1824 11134 12851 19412 6693 12357 12960 17803 17992 16708 7077 8631 10837 28844 11007 2607 24469 28209 7910 7264 17813 13243 32748 7069 15144 27230 16937 7607 26799 7052 405 26062 32664 649 23989 24934 4901 4640 14458 31677 28271 661 23654 15197 2986 31706 19952 24045 4266 12293 19498 26188 29862 31234 17569 20705 13117 21637 16004 25132 12470 15683 265 17313 13196 22626 30989 25271 5930 26670 8699 
17980 7155 27917 30190 19947 30853 437 10522 4160 4159 18332 13416 19083 29441 30640 29536 5956 2610 27465 22860 24222 5896 12636 410 13662 26115 1009 8067 7662 23483 12759 4330 24493 16092 20630 6279 26762 25455 19109 836 27857 7003 7645 15591 14660 4139 24110 6130 27502 27153 20625 19655 1076 26667 12861 29712 2221 19974 30 94 9524 19041 21123 31504 1723 15155 8471 2167 24162 29423 786 30520 17224 25350 16304 24305 26272 20397 17123 4639 19976 28898 19012 26431 2071 9385 24144 7475 3893 5788 27601 24296 20144 162 4506 10806 32268 26879 30327 7687 18074 
397 15204 29628 26444 3144 24061 10188 19143 26896 7990 5550 17338 12459 16972 2810 25454 266 14332 5579 7839 24269 2546 4711 13451 20489 6788 15394 3144 5192 3232 17791 31834 7633 26627 15257 12421 12330 19884 14529 8672 18396 20625 10857 21803 12150 18064 11841 21346 26068 9640 19103 4242 14753 16745 1572 13548 15899 31913 8861 31768 32022 17273 32551 7884 2628 24920 26007 31388 23475 1958 18200 27668 2967 6235 11286 3844 26442 2296 23387 22811 28561 29118 31864 17079 11809 7454 14695 29180 1122 11122 9070 7204 22386 7914 24390 4373 15725 25545 23677 9529 4076 
10449 7193 28042 1995 7163 19070 492 17968 24428 12434 14784 28360 19109 16414 5814 14164 19450 16248 20962 4197 32325 22623 16147 19299 18139 3622 31328 25044 4031 24341 5123 16859 29206 5388 11883 17407 25819 2409 17036 11822 17364 24620 32378 26626 17093 32345 29238 17475 8419 16286 32455 940 12427 12086 15245 29938 1844 18445 17875 22018 27043 37 11939 23178 18526 9016 31454 31676 24674 16543 27020 30031 21528 12402 29808 5062 20614 29681 16095 14324 4802 29986 26323 13248 25005 27068 27708 25638 20445 23876 8854 11390 23003 9846 24768 14081 13455 19430 25356 7817 24568 
7143 5011 26008 21025 31660 11467 24220 20048 12717 27227 26993 15488 12108 15405 10792 5393 7609 12229 7431 13503 12819 978 11216 11473 3280 6659 10311 25490 10334 15132 20462 6405 6922 24905 15635 9173 12322 31922 26892 31371 7254 26191 9154 23811 20836 29950 9324 12833 13557 26835 6045 28096 16065 8367 20097 4843 16890 19988 29539 9808 26088 6967 26483 9457 4561 30551 11719 21277 20507 32078 1951 30623 27828 10342 9709 22325 21170 19309 5141 1092 27959 32268 16369 22217 3992 29780 17176 8339 10430 29850 20832 29104 17868 24453 28833 293 10241 32357 23996 3554 29153 
3014 17116 19444 12175 10822 8956 12797 15998 15779 7850 15073 22600 23064 30218 28611 17630 15850 27677 20016 30690 2366 28483 24217 7505 10285 11007 3847 22885 8986 26363 9738 16314 18755 22348 25074 17839 27031 16886 6210 13327 3528 7603 26978 23537 27552 3568 23700 4828 152 24601 30761 14895 2983 28182 10741 21952 22872 2582 5120 30148 5663 22411 4478 30703 6893 13685 2050 25564 26626 7652 22766 26286 16899 7864 1838 12792 9548 20396 25894 16858 903 27027 24296 20077 32637 25313 13483 27745 6957 13676 14713 8421 3099 12660 27175 27847 10731 481 28810 4829 11054 
17869 26344 7587 9340 25410 28589 26661 32195 30533 30047 11808 20958 1811 9940 26468 27754 22186 931 29308 22997 2187 3288 21137 15799 27327 28140 1164 25446 5400 12788 12155 15557 15545 22808 13366 17244 24792 25159 24642 28590 13507 7465 18421 15046 27425 22613 3035 24084 18043 16325 3417 17783 4859 32646 22160 26523 28019 32436 14724 30853 31648 18086 27262 10860 31153 27238 6575 28875 16643 612 20501 31156 11311 4203 5027 20839 31814 24531 5788 25635 9051 13817 30272 21052 6210 26348 19626 19054 6040 8809 6649 24177 30211 3338 18606 1485 26555 31162 20821 17136 24906 
22380 16744 7806 30096 9997 10608 27880 21769 3510 13933 4672 21075 22311 31352 14412 4074 31857 10407 10969 15159 754 18481 20049 30921 18310 8914 25744 26082 2556 29297 5108 21301 19655 4609 25779 7406 23798 13733 10354 17395 5735 28183 19 11369 14391 31562 29646 9595 23932 12878 20867 7766 28215 31349 17742 11384 7300 9652 24669 18219 16916 10315 510 23628 12765 29608 22268 8785 21008 30857 25388 19339 4684 5218 18755 32423 4625 28158 17642 14459 2935 1384 2837 31488 22048 31500 1168 28058 5739 21018 5850 21152 27882 12843 28471 30232 14871 27687 1025 31170 19010 
18022 16447 8793 32206 21525 3449 2581 16797 23516 12234 23668 27593 4541 10294 32570 20629 10304 4414 19638 9123 31949 10674 17224 31079 25433 455 20000 31963 21829 32361 2888 11636 1922 9938 13029 14677 11258 28764 954 18372 25131 31891 22765 18394 6933 32143 19726 6014 29783 13441 3669 5780 20117 16011 18475 31345 8988 9173 17900 30098 23753 23773 13036 1934 14375 16910 7096 2378 28375 6549 5278 18796 12853 14192 10607 19730 14648 25543 31363 2243 26010 31616 11006 9638 17465 32526 1106 9969 27838 905 29445 933 1148 14852 16565 2169 26779 283 12121 5651 17269 
13515 22985 3966 4416 12423 32129 3289 22510 14215 4513 9804 5713 14180 20281 27457 11907 6370 3780 22992 20357 4876 7922 27258 8742 13447 30891 1051 15654 5920 29776 27674 9372 29095 25668 1763 22677 31744 14507 31895 14078 22903 4209 5633 13508 32084 23438 26061 12857 15791 29321 4596 28346 2182 18235 20859 24463 28429 4822 29277 28178 31557 9510 31686 24851 976 14614 16513 30076 29188 29301 30132 27185 11838 26874 8651 826 9849 25734 30642 18468 8991 11946 29255 420 24094 7529 17423 14974 4159 15167 28455 18341 26804 12386 6526 7076 8943 20807 28994 26940 11963 
30312 13720 22863 7813 325 14224 22525 20474 12968 26456 15628 728 13870 16816 21389 20989 1795 12701 1212 17093 4589 14946 10793 24210 14476 32172 19221 2732 6624 29197 18719 4684 17419 23979 16416 5875 13144 26938 7507 23296 17021 24359 12729 6786 28701 27414 17339 26187 7569 28047 25618 13638 10984 14324 2532 8202 5164 17591 14895 31406 29671 16329 15979 16607 3814 29526 11883 2097 19773 27823 20869 27827 17548 28040 6898 11206 14208 32099 17783 24879 11932 12108 21061 6762 3641 28615 28447 13377 19915 28423 1978 13982 13415 31584 1641 8862 16002 24575 2042 26342 4348 
7129 1754 28218 7517 1249 16768 31820 23390 11134 24585 19665 15275 4668 7456 10458 14311 3522 30241 26210 9200 24836 9854 1571 9317 27065 29281 25519 28262 28944 1171 11195 13467 29854 25500 3262 25976 31643 16940 21947 7871 19535 11961 30554 31302 5575 26218 6974 6138 25036 20276 17811 2340 25366 23875 13542 235 29628 26523 29754 28186 22511 12287 21336 25124 6376 8721 14694 26982 3103 3516 1467 14507 23230 24783 29426 21493 7509 9194 12349 4731 24527 16030 9468 9198 8613 18128 4751 31488 9809 24414 2152 16679 10758 27142 24164 14238 20126 4227 10587 10670 21716 
26872 24054 21547 30131 14738 5568 26177 28750 8041 10880 32625 8114 7336 7111 20182 11545 20974 29381 14253 12896 26356 6240 7956 24763 26223 20872 18194 32680 4408 21956 23256 22561 27818 13329 4166 24598 4171 31213 689 14874 30383 20655 10980 23901 21914 1305 6244 31194 16741 11568 20473 27857 8099 24651 29545 22904 11524 13675 5767 14830 6777 31690 25964 31856 1432 25015 5 207 20547 32160 11982 2593 7044 28017 21724 30903 27068 29 17185 24656 11261 7545 20716 20108 16052 24657 23983 21924 6539 5814 8197 12119 13965 7317 26099 3112 29835 17550 10862 25286 30911 
17154 9246 21452 21424 20334 12642 30122 27989 28664 17812 7395 31869 9032 15246 29818 3439 23705 12653 31398 23501 1552 20885 13773 958 32076 11509 13744 20043 15934 2700 13540 7434 12347 20523 28289 14586 18767 26749 31774 2223 31701 19014 20476 29103 8772 1256 8065 26907 23884 30251 20968 30610 6178 3389 18232 13394 10008 16120 2930 31648 13424 3940 18959 25707 28530 21629 5545 14636 12732 5686 22521 30736 3802 12221 32257 7769 534 5633 13450 17153 11921 26482 18641 17569 26003 10503 382 3730 26400 21638 981 14674 4300 7168 6448 2601 28368 1690 26797 5644 25436 
19092 31012 3009 22575 2179 3932 26948 11878 19425 15486 8298 24721 29896 12489 28356 2828 28411 9864 27846 20109 23078 31041 6184 16633 1895 15664 23949 24700 28684 27379 25955 15576 2463 29575 10250 19197 6944 20595 3384 5851 30609 25667 6812 18292 16824 16184 30145 10549 7456 7230 15670 12934 28769 10782 31980 13984 7329 29941 16863 15006 20059 997 4344 8407 19295 32522 17714 7788 25114 29104 6397 12061 24088 31939 24288 31585 9671 3462 11617 25781 25982 27784 553 11316 27581 14549 8292 26472 6839 9065 11879 14176 4877 32490 22165 30210 31709 30614 28547 19875 3067 
1914 28506 28373 14462 31460 11901 22656 11391 6428 15724 26165 28189 17743 20969 6334 21700 11212 3929 19706 13488 20339 11884 21736 25516 2921 18432 9985 31520 23825 18243 6091 31562 2616 18200 20907 13260 30608 24253 32506 5479 17248 8618 23132 20742 30841 22204 6477 26622 28012 10898 25853 4500 9210 24888 21854 6592 15564 19202 8827 7472 21349 187 11 18064 22100 11007 22342 28937 12206 22758 21239 21511 20923 10723 29139 7232 31728 20203 4873 5618 19485 9945 12570 19563 28648 31249 16107 17103 2682 6499 23321 10774 8824 25651 19852 14420 11317 31191 847 1341 1062 
6721 31902 4072 28054 31198 24897 20947 27034 3261 12057 808 31304 3316 14073 29758 9764 16448 23479 8291 20443 16619 18306 24025 13876 19955 2933 20254 12355 26216 23917 31088 31200 13334 26648 9361 9303 2404 24911 26568 32609 30332 23206 2088 3667 14764 65 3092 23958 3852 14825 10243 19543 9058 25182 26753 7807 11842 2287 15735 27366 30586 29001 19115 14787 19373 17805 8586 26472 9277 11941 18470 7980 1646 18135 12667 680 24009 6810 2806 20774 21951 11177 824 9046 30351 10839 28183 3907 2410 22818 27109 18566 2004 20106 27125 4281 6733 2340 19036 3119 27185 
2538 20725 20194 19165 26837 16296 13741 32275 6062 23531 24508 6048 18209 3976 23616 17467 8723 1697 24679 30641 21301 28402 6539 17983 2265 15447 28586 27967 27397 5774 19478 20232 14278 21565 14445 26127 31175 10039 27084 29522 3362 24059 3136 27638 26230 24190 25213 27182 20538 15914 3539 9568 4689 6950 4701 13699 14302 6872 27516 9676 26457 12712 17539 6793 227 6151 10676 3661 30422 4272 17772 27213 5281 25646 32154 32266 10195 13727 1397 6704 16245 5303 14191 21182 30109 28936 19300 11368 30528 21120 15640 14650 15944 31539 30432 26749 12774 22106 5279 3550 8490 
22684 21236 25549 19409 13709 32434 3364 27998 3701 30865 23049 32364 32338 8483 21525 8258 10016 16649 21942 26280 9303 16742 12497 29689 1718 18580 10412 7034 15679 3862 17164 32234 3971 206 13466 21594 3359 32368 27787 23871 5767 21303 896 8134 25346 13015 4523 31079 10230 21426 12340 10685 17766 31054 10715 20629 7097 775 7902 4677 28349 21249 8221 22079 31211 8545 1404 21477 6637 4029 905 24991 12125 4304 17503 14891 7888 30835 1994 11317 4627 18377 3755 26664 24244 2489 21918 24643 13764 21409 25307 28399 220 15944 11098 14160 4190 27413 21307 29722 32509 
27007 19812 10406 28288 4293 7788 26693 450 8671 18104 10196 14334 17844 6115 19856 3401 15245 31075 29484 1120 19402 24682 3617 32164 21204 32523 29254 32611 30802 28318 25248 21337 26272 22885 9339 7543 5756 26480 18617 20451 771 29373 8043 8255 23005 18084 2462 25134 31668 28274 7543 27412 24810 22357 20611 25374 13963 18808 7240 10115 18304 31854 20768 8713 1542 19156 2887 14794 18783 18738 32306 16696 5063 17443 2594 1375 29866 27062 20474 25194 23316 8723 14157 361 27753 23394 6844 9041 13142 19688 3711 7492 15111 30067 30017 27155 27291 22777 22321 29954 13525 
16764 12118 459 28692 1840 8994 21989 27269 9184 22603 1797 3735 5518 23766 4838 11183 21594 21877 9286 14110 24485 26130 10545 6480 9845 2220 7809 23365 20251 18018 13478 18501 8724 1741 12707 22480 7214 27027 13401 29653 27627 24121 15624 28452 24106 28217 7955 16420 32260 27989 16387 21449 27637 1066 18383 3265 12348 18696 9819 17134 3204 23297 4670 22297 4291 13120 25800 12005 30563 8349 30532 11521 3232 8558 25978 31138 9521 3999 22904 12081 26666 21253 17554 16192 28705 3567 10664 9155 1935 30718 23719 12413 1146 23351 23378 6328 1873 26455 9027 32057 8472 
20326 10540 5747 9412 25999 21859 20219 10217 10543 10654 25148 30354 31532 29691 21356 32368 27784 13123 20671 30008 23350 4207 22234 15942 20780 4459 10378 21382 22969 26907 28342 13716 16665 2204 5266 10018 29255 21964 13334 14235 26386 11020 9903 24837 24179 1092 3636 15660 19742 32040 27163 5629 15447 1210 3309 21808 2823 27152 1527 5930 17679 9816 21315 25889 1244 2073 28614 23169 4923 9148 4571 14734 14703 11594 11760 13131 31106 8055 4479 26267 8408 21472 10817 23207 26890 28817 19870 30847 6897 20170 5223 18436 26624 16131 7879 29701 28119 20013 21623 22952 6166 
28731 30002 9996 21615 13281 3433 19756 19712 25499 9015 18695 7391 14322 12183 2046 13046 32507 14293 27517 22289 23840 6978 12253 1333 2850 26924 14985 4916 13663 21261 4960 21630 24657 3843 3419 12346 30296 16000 25200 23957 25273 11587 18102 14938 24038 31879 14025 28612 20224 3706 1392 22928 26266 17904 27773 25429 22208 28249 9461 20504 19511 24560 19057 8219 3335 13366 3524 2295 24631 7839 31454 13290 8920 15755 22001 13938 11845 30583 21458 31003 29608 14453 12705 149 28864 9177 28588 19721 25058 3638 13201 17325 21822 21385 5539 22167 868 23987 23951 24271 4359 
28461 29248 23719 7680 1527 255 4687 17813 27345 8159 11428 29692 16558 28504 28233 13595 10342 32562 4345 24722 19627 31396 20763 18171 27198 24510 22423 17520 10338 17924 30185 23630 21906 30812 26740 16953 23663 26154 4888 29793 1276 12217 27654 19203 22029 20957 2259 8498 11005 13526 460 31447 20896 8824 8074 19447 17528 26505 1734 17716 21804 9323 22126 18839 23349 4346 27639 29068 15067 14264 16886 16174 22624 27688 7402 26565 19323 119 31324 22157 26376 32353 30251 19642 26877 26451 6689 17080 26272 16333 19401 28343 18679 27147 19589 5223 28032 5092 32731 512 16163 
15346 27664 24198 23397 4595 10488 11595 6110 13935 12556 10933 31725 7580 18621 26177 682 6526 28680 15816 14620 20306 4683 7682 3245 7213 26711 11336 24026 11489 16582 15774 11055 19744 8847 16112 26739 12772 32215 29340 22048 17165 24330 10033 27926 10316 22571 19318 12943 7489 5224 943 2134 20704 18930 9243 19764 21529 32267 13505 25003 23480 20321 25197 25831 22922 15002 245 15858 12481 3376 704 17703 2457 31359 2441 8681 2108 1820 29793 12437 27363 15977 3827 1204 21311 26214 17932 23414 16151 9674 1371 4700 29746 20563 8821 30260 25463 19802 31003 32330 18259 
19626 7360 18397 347 15762 17222 26064 31539 15417 19721 22690 3758 26930 3614 17056 14646 24400 15581 11353 7791 15292 10652 27987 7703 27716 9150 3324 305 14326 12269 12259 610 13806 29603 25896 13723 9836 31215 26674 4856 25130 13686 10911 10472 21484 25528 14977 14735 12376 13716 22727 18280 24584 24846 21497 21807 20446 81 31529 23806 7063 25072 15654 17078 18083 11889 18418 17824 30516 1804 15478 13652 26518 432 19061 28122 446 9799 18623 24336 22821 20795 7591 9035 30423 7993 2998 26945 11206 17973 13985 13607 23909 32686 29817 15638 114 26675 16162 25779 13843 
30758 23046 7183 16165 31168 10 9676 14801 8277 11714 2178 23904 9433 23520 12128 10320 2980 15859 32279 13479 30578 22862 23539 9863 11694 2117 31307 26883 12272 15776 23068 11569 3780 7241 21745 24448 22957 14152 11526 1868 20585 3569 26796 17584 14711 6236 31983 24732 471 30742 2935 8999 2577 8470 14252 25638 17528 3827 22302 2557 2224 23124 291 27317 16494 17063 16834 17231 20863 22 29647 14680 26892 29110 1624 6846 3100 31746 12608 20450 4442 11145 23850 13294 26649 28643 17048 18281 20629 745 1108 28937 27003 20518 18704 16584 13996 28808 6217 26937 1342 
3675 32369 25373 20676 17784 15436 28466 3536 21434 1435 27211 32182 11698 4856 10149 28562 19356 2817 17785 4748 17041 1720 12238 15706 32254 13610 17809 20231 11604 25167 21479 3315 14849 25906 23490 8732 22944 14673 21939 9115 4204 18247 26623 15986 14331 8360 17140 29316 24105 13101 6013 32485 4178 14097 23541 25428 26308 23738 21305 6918 25715 32156 2561 29862 32495 21595 15984 11161 25236 47 26089 9862 18176 22413 17701 32534 26571 19972 20098 14072 30066 29029 15006 15913 4755 16934 3877 11890 12640 27400 2023 24626 25934 7160 5678 15453 32013 3123 27214 28613 30909 
26542 15229 25496 12383 11189 16869 7978 16009 14034 5880 30453 862 4080 28676 11487 21438 10432 26375 26043 10426 8028 17860 6161 25419 17195 1814 22562 30787 24836 645 9511 6275 6806 30231 7130 10607 19719 25192 12855 8607 19163 27901 24708 7639 27928 15574 23439 16954 16295 1346 17463 15290 19710 13048 28717 30163 19708 28514 12284 22649 15124 28220 13895 8783 6062 14686 1106 13081 22730 28374 32709 23156 19943 9530 5548 32453 31523 27197 3777 12399 12195 3967 30958 32073 23349 14762 18958 6223 26420 26042 8180 10647 5805 22684 16814 23175 12735 11515 17930 29254 72 
29527 858 5744 22462 6231 11381 1038 16474 1376 16126 21701 30076 12134 9961 9293 17739 2050 15162 10789 5019 1221 30736 7045 1045 12493 6627 27029 3985 31893 32266 12252 2247 16401 27776 26363 21543 8955 12007 12187 22277 24424 6349 18852 25081 4766 25903 2991 6790 4137 3387 28351 10233 27436 31834 555 10132 10742 17774 23519 11244 22485 15704 22725 19344 26927 7870 16765 747 9678 6923 10068 28012 3452 31927 3444 6628 27344 16072 12888 32303 2119 15769 3459 19990 15254 25818 21874 14708 15167 32472 8655 21912 29283 2302 32231 13803 18135 12700 32606 30674 1402 
25320 13601 17878 26821 32579 669 5635 28067 12989 15151 10125 27267 32218 4571 954 7340 23959 12608 1531 8145 13480 4043 12124 998 23044 21548 18719 30002 28835 24070 6820 10916 27782 18155 13965 3690 26873 28551 8991 21696 13333 27931 25066 29958 13192 27438 6828 14614 1689 21887 28019 22228 2406 24125 12290 18439 7536 13434 6774 21607 23386 32478 10025 502 4590 28312 10711 24468 13921 32410 25087 24014 10712 13062 3212 10744 30762 27875 14517 16251 29672 9749 25634 9071 21403 10636 8784 32365 13388 7099 21302 2206 9546 26444 11561 31768 8487 25106 7677 363 6148 
15935 18285 19062 28430 7127 6844 20352 6473 20068 22429 25220 11661 10988 29265 3275 7630 29216 9487 27328 29600 10966 12456 31233 13817 185 4203 3506 23609 31551 9542 23830 29289 8412 7215 24672 21184 23158 5058 28614 6252 11032 17708 22744 12175 4074 13383 24080 9863 7265 11014 21674 9330 9907 1044 21685 10481 6286 2232 12139 31021 14345 26108 8126 24088 31963 32014 26931 6134 17866 4838 22771 11035 615 9001 23840 27126 9465 23118 9829 24654 28855 31487 2001 972 30778 12994 2277 19898 24625 8664 24043 8714 14935 6757 14986 10138 3234 23250 12952 30134 22717 
18288 7471 15071 14265 26462 11779 16586 24064 10412 14578 29100 7050 12224 21469 17077 11347 13817 19127 10202 27916 15251 6619 29912 18448 4299 25251 20342 28315 31299 3638 5898 12854 29863 4769 25918 4726 23441 3626 3092 21222 30634 11488 13608 11586 14355 3191 1590 29670 6915 4691 28379 14469 2481 26595 928 19230 11124 4400 2612 9516 29736 20918 6905 5406 29141 21362 31682 15878 7563 17468 6108 16277 13200 23895 14667 6727 22206 2375 26453 9179 806 7138 3653 8198 5113 20650 21609 20840 24745 858 16477 5823 13643 22207 5259 26715 10816 15817 1011 18898 7956 
6882 9256 1012 23718 27006 16539 15105 8841 9716 29468 13594 9131 26508 9630 25846 13876 24793 24891 3286 15025 14921 3704 3515 32370 31482 2761 14038 7472 29647 14168 10560 9716 24772 25858 9195 1843 13438 16802 19417 1598 16935 10899 17547 17882 14712 2160 11453 8234 10519 6174 21328 22486 31524 17677 14472 25702 8206 30906 12151 24047 23468 889 13241 19442 26761 625 18274 23425 25983 26344 27957 16547 16775 705 4887 18170 6607 15938 195 21923 15885 23323 7870 27230 20244 26788 10638 20463 11172 19815 9511 5060 8071 2526 9382 32471 2265 6270 14913 5590 26536 
3828 9086 25730 3005 25774 1444 6229 21688 669 20079 11879 14435 57 3336 14482 832 12742 22324 32212 1892 27606 3788 31222 11656 8208 7021 107 7262 14127 27760 1659 27169 19534 22301 22689 3184 11618 9499 16177 31324 17672 26411 22077 13504 20865 24599 7354 10449 3322 7140 32479 8437 11025 1871 24526 14297 20374 7032 26230 445 25230 29144 4536 24595 25982 21624 22472 13129 11750 7781 21719 24291 10507 95 19695 21452 3321 32209 1310 5358 6857 13830 14294 27136 22048 19865 10388 13471 22008 3117 6848 7073 4771 607 12244 166 21772 19449 28865 29679 11073 
17000 1679 6772 1582 13169 26179 14896 25771 28703 29701 24768 12218 18432 24962 22572 11273 17553 19344 24069 9407 14582 23312 20656 13173 31214 27929 18177 18817 20999 1619 17932 24187 1550 5536 2359 26618 32202 18946 4244 32415 25834 32697 26990 21589 22587 2219 25890 24534 29470 21513 12848 24946 20794 14640 2962 9484 22638 27085 29261 9573 24329 20293 9541 29853 574 22356 19285 3574 16594 29684 927 29916 11800 21120 20513 17698 20767 3609 3722 6287 1066 24905 29515 26009 26720 6886 15088 15216 16837 23097 1457 32574 20329 22112 4420 3757 29664 13553 17654 27563 16881 
13280 17402 21866 16786 10915 31233 29354 277 9875 22027 28986 18076 9878 10108 16060 30162 14843 20850 16042 32221 1701 18518 8598 25486 31340 3505 16822 15323 11200 7745 10399 10896 11663 1613 8785 14657 23145 4149 372 6787 23267 16717 30945 11612 27449 6379 11876 21751 9271 17855 27328 30876 19289 17763 2804 16352 28209 8755 5821 24345 19721 17247 8284 2069 22730 831 20889 21260 18460 32742 18952 13266 1999 23033 12939 20305 2682 21954 10776 17719 15201 4736 28605 16876 6300 19457 28129 27847 14454 23155 2764 1665 15892 25720 25194 19434 343 30584 19787 28890 28162 
31291 22767 18283 24096 11703 5441 26469 29600 12326 23393 27130 13635 13916 29094 3508 29368 28504 12516 22187 13317 17945 3818 32507 14376 30131 12879 19317 18174 9121 29551 6293 23141 29789 28336 13236 25245 20014 3082 21631 10741 15937 8134 19112 7075 13308 2181 13276 29171 1679 28293 19956 4004 30924 2080 14703 2190 12088 1941 16416 7561 19554 5643 29732 12171 10099 32723 15127 28176 20743 30190 6535 17599 23099 2255 21161 19530 4615 16481 12363 17046 11471 30028 1802 19996 2612 20341 19141 4239 3376 3523 18258 19646 14946 31529 20847 9149 4262 13537 1019 11583 20457 
9717 23910 28487 8764 23556 20838 30976 23334 6467 8939 9448 16703 18370 6742 17972 5626 12785 27621 17777 20419 9314 25202 28775 14922 23760 8798 322 28958 27233 6344 8436 26749 25384 27394 26837 30827 4846 31301 10124 7681 1842 20387 27955 26376 7278 1086 8886 15302 28828 31160 12412 31512 24313 30442 30794 7361 26889 31961 9828 19970 12507 26597 7669 15467 26766 12612 1200 752 23316 25775 12728 27967 29238 7771 957 1361 24024 9515 25192 7999 16511 29988 28410 22360 1296 20001 10288 13936 16859 6856 1385 28794 19671 17340 19722 29018 25903 17172 10786 11252 5630 
3085 17738 24457 13911 6907 25808 18243 10889 16774 22548 26638 19105 786 12849 28842 4656 5503 6112 24574 32078 23059 9370 26032 14046 25268 11005 12530 31764 22363 21617 8607 22837 20421 25611 3974 9118 30060 8370 7174 21768 437 10880 16859 11274 27755 16234 5943 13791 24172 13092 30228 9578 15522 7743 32457 7031 24373 2197 10460 17476 18687 4838 22040 28224 29505 25539 7135 32274 404 23467 14017 25565 29218 21621 23629 30147 7701 28653 24358 21416 7760 14786 22874 14392 26717 8352 20720 23339 14247 2713 2752 18631 5866 2249 32648 21159 7655 28218 10043 32188 14172 
19973 3740 4497 819 9402 27404 11475 10490 12546 8352 784 11923 16259 28279 10175 10029 28164 13643 2689 20083 10706 3141 2214 25602 28002 6166 14323 23329 311 22595 20130 12972 17414 24256 19627 2386 15897 9665 19010 16897 1009 30669 4001 19613 11311 7700 23047 26360 23733 18690 29185 27135 13064 26388 30440 30513 3064 24043 939 6742 28292 22943 4302 13165 7672 9813 14259 15590 5976 18452 15129 16913 32257 17620 30946 6615 15246 21720 10521 14760 22265 27966 3635 13492 18178 22741 31381 15198 17365 21294 20311 12013 23527 23030 22600 7557 20513 10370 10546 14935 31552 
4524 24671 9748 18556 11230 29275 7079 32103 876 25340 21795 23321 18215 4000 15610 23178 9007 28342 16241 2111 15880 26752 20560 17193 3056 11542 30942 25290 27760 11183 524 2201 17970 3868 3825 8360 5394 25493 15222 21892 7799 18872 4947 31580 16356 23247 30010 13926 3018 8786 13905 24703 10401 20653 6630 29202 9782 2882 29023 29242 15687 32178 30831 12843 11597 4184 16784 22478 11417 26647 18093 31659 7842 4950 29214 24076 1182 2120 13274 30559 23631 22641 30440 26589 24864 15718 2839 2665 25456 25300 22255 11963 10798 4547 26087 16061 4774 8476 9945 21301 25242 
20329 28338 31653 149 27101 4974 15727 1660 25748 13124 3645 25190 18459 31773 19872 31149 6195 1867 504 582 6098 7544 23699 1613 3691 30428 18713 17892 29295 19380 3111 27454 7444 18671 13626 17655 27477 15658 26575 31399 28730 4574 16328 28598 7257 25816 21778 18546 32413 21994 8837 17758 582 23777 21515 26829 20017 15286 16389 6832 10586 24841 4074 16045 2207 20170 23601 28785 10695 22842 16242 23110 24514 21010 9416 23016 29746 29697 21881 26516 16939 8796 2521 29539 28215 20754 363 11478 24478 10462 26186 26802 24292 15296 32711 6414 32146 23981 30804 2986 11066 
30086 15009 25218 7093 23111 10756 31395 25263 4225 14878 13630 26726 31754 10684 22267 7086 23026 25851 29071 1337 5818 21168 2961 8213 21697 4358 31369 7030 14079 25961 9035 27062 17397 25507 5251 16538 29924 4165 12176 28375 17726 585 21398 10964 22106 18421 16078 16050 31595 4867 6689 13706 16819 28670 25334 28149 18676 3311 10056 13778 40 21305 18427 21315 6769 22722 13680 7929 20563 27731 23127 5042 16673 16706 10436 30463 2229 32334 32133 32587 23908 13258 19892 6937 18994 31998 21128 15757 22849 20682 10096 21550 17040 17804 3683 18922 29410 19524 20081 15195 32507 
9974 24735 16456 22290 7760 24305 28271 20100 14989 27080 31105 19398 921 30574 5231 13469 3190 16880 30692 27281 19934 18220 12818 27551 5162 3882 9138 27438 1138 11440 20038 30532 31990 11280 22434 32250 21692 25669 26282 18221 15995 24126 15709 13943 21176 18042 13331 26973 1327 7381 31234 1482 2420 5794 16135 19645 27354 26361 10916 17726 23444 24914 17477 5014 32538 10835 12487 20671 13263 27367 26938 30234 8160 14736 20198 12640 1391 11774 16525 13531 8689 21216 5360 22486 7380 27130 7828 6994 18789 13944 7366 26362 16370 16770 15837 4697 4651 19728 5823 3659 7886 
26880 13223 17073 18564 24166 9765 29801 5126 25891 13414 18302 29059 22457 3509 12699 13638 22877 10306 28870 916 8782 11298 23114 13267 26214 3992 5621 28402 2542 18579 6532 3332 6327 14199 30812 30254 13158 12064 23419 2756 26384 15909 13741 22191 8967 7513 2051 5138 16627 26520 19073 16685 21284 32448 19735 19841 11558 16893 9427 8756 23190 31050 31060 2488 30773 6708 18050 15016 9019 18913 26236 2546 29422 16466 30674 2107 12402 28901 29685 3711 16611 7198 2539 32248 30113 11942 4423 14146 14059 4500 10585 3260 15536 20460 22690 13361 18849 13669 16522 31672 7307 
19056 14678 17880 3044 20853 27220 4336 32676 10592 12888 3542 15702 14684 29804 2495 14958 18910 7364 12127 26845 28390 29168 25425 12771 26498 1621 16312 4900 5779 24030 29479 4607 30931 7151 1726 31003 15383 19867 20374 5186 23506 9238 3936 24179 26331 13165 2120 22066 21104 2420 2080 27683 32378 12544 11962 16343 20242 30039 29589 7910 32581 31205 11964 31294 4372 31281 10476 17850 32447 17935 30453 30199 4420 19990 9314 4195 34 21588 29020 406 15970 5441 10188 11750 6360 31986 19392 28725 2471 15503 11024 31502 25859 21511 4161 20465 17211 25602 7337 16618 19446 
23576 3540 12392 18108 22848 29223 845 5305 18571 4291 31042 30654 8722 2221 24397 19081 20524 27435 20645 3654 5861 21873 31173 29014 4012 19836 4543 13134 3404 26175 32211 2627 31774 28413 21312 27973 4732 12790 11098 26665 25976 1605 32221 23692 13774 14601 30081 21524 2328 4547 29390 18425 25409 30207 12594 452 13372 28727 16977 31063 19958 7668 21404 21550 30345 18742 29221 27108 27314 12566 16561 29177 25733 17834 21519 16082 31327 23337 10665 10753 27165 6223 27737 5575 9355 9219 31614 10199 11551 22072 26702 8541 8680 28689 23918 30783 32705 8008 9408 5539 30410 
20688 16252 23985 25369 5817 17538 25754 15788 9557 30958 29913 6562 11161 22253 19129 427 2757 30416 10519 18878 12616 3679 11113 10506 7389 31344 30975 12334 18427 1720 15753 28588 1644 26592 2778 25243 5435 7131 2027 29085 25044 9336 4387 8721 19559 20531 11733 17802 27021 1361 32523 15743 1838 17196 2946 10052 30882 19915 3317 1080 28182 14261 8862 12865 23346 15879 3323 18549 12537 10949 22222 11290 28400 12654 3943 29137 20354 31187 31269 24334 5027 19752 22331 8139 12724 6492 10672 1150 27558 16038 7850 23624 4195 23393 31211 16239 27753 2585 11164 24078 11704 
17894 29513 9995 16111 26872 13358 23370 23986 31092 24241 24864 28750 14463 4911 27659 24224 10135 25083 19616 29235 30762 19620 31940 424 6497 27767 15391 27483 22589 25157 20686 9027 17894 29543 16472 22554 22592 30718 5348 29630 30910 32383 681 31448 30075 18544 421 4027 2183 1132 12178 7311 27006 26989 3606 26798 7520 5963 28986 7502 30876 24703 12829 32097 1902 24877 31210 21689 20587 1890 14599 25200 9563 28826 7823 17031 30278 16517 9219 6861 23250 21770 316 3842 17868 31629 7332 16445 5892 2925 19366 23435 32606 2513 30563 31705 27430 15013 31143 25364 26276 
17119 17947 20110 12528 16391 13244 27300 28936 30966 31371 10654 16672 3038 14726 470 1081 15754 6360 22301 14837 19943 23629 4954 17578 30148 31240 12916 21941 29142 2424 17778 29713 16127 7816 12513 20776 27599 25878 10870 24552 9036 4263 14837 25114 21742 29785 16721 24559 7662 22297 20501 15836 22465 22549 17922 25768 28639 30580 2298 12228 27848 5957 21021 5594 17481 2230 22065 16296 26363 31111 19783 271 9486 21950 7579 26727 20548 29083 11709 22550 16192 4046 8686 24161 5633 6120 2253 16258 30634 4368 15155 26106 1412 13559 29531 11560 20293 12046 24390 14875 6291 
23542 12893 22181 6084 7479 31321 688 4584 5430 15200 12245 30729 24417 6000 23339 27057 6317 1281 31069 16557 19522 22758 26880 2577 6260 10101 24355 4220 8182 16615 551 23453 6986 19714 9937 18678 7804 18933 25501 8672 26384 29315 28245 21200 17977 20323 30691 10200 31564 30695 31332 12913 4723 17885 11645 15479 7078 179 5362 27765 19927 17374 23924 32547 27245 9339 31675 14893 29940 23095 16853 31798 4883 28525 24254 3613 10430 15503 31792 6527 1196 12999 28348 26749 12556 14814 11290 21183 15476 9564 31678 31672 3866 1265 5547 17964 8262 21523 9100 8432 8199 
