2
429
1
553570
337
1
736248
573
2
810542
941
0
481992
557
1
297081
64
1
203591
773
2
186641
921
0
324347
543
2
153319
315
0
760827
204
1
235947
109
2
981700
702
0
116138
742
0
219494
588
1
533212
504
2
301120
657
2
327491
170
2
617670
585
1
125421
229
2
530501
582
0
510420
49
2
712481
246
1
605713
315
1
224108
87
0
582494
967
0
884721
791
0
7846
852
1
253624
433
0
597775
618
1
465835
856
1
339856
585
0
880036
709
1
643525
820
0
473311
695
1
584296
103
0
757451
35
1
174988
240
1
755372
522
2
599499
256
1
703998
114
1
924183
139
1
887893
884
1
870174
702
0
794361
241
2
779984
534
0
315217
669
0
949911
840
1
905901
290
1
35491
584
0
429326
280
1
922375
939
2
631076
549
1
883483
696
0
581585
887
0
360091
380
2
467683
975
2
573937
284
1
286426
754
0
44668
18
2
843522
852
0
438835
440
1
805794
871
0
264379
148
2
601263
431
2
110820
368
2
250381
545
2
616076
567
1
74862
855
2
864809
635
0
431642
586
1
706496
39
2
919363
142
1
910798
554
1
697835
203
2
2711
972
2
614544
175
1
321335
794
1
938813
227
0
690672
363
1
425665
940
0
116227
832
1
454562
894
1
128922
191
0
506618
339
2
401577
918
1
782615
72
2
143707
250
1
799680
110
2
58373
767
2
559408
228
2
860970
485
1
272604
581
1
263979
548
0
460774
485
2
160183
814
1
480959
537
0
920089
908
0
702742
281
2
775692
316
2
770379
396
0
579257
569
2
446798
645
2
378201
128
1
993937
518
1
804809
682
2
476195
639
0
337415
577
0
503310
639
0
486956
158
0
922590
496
0
648135
493
0
950821
881
2
21382
713
0
600255
102
1
972571
926
1
767818
897
1
926078
299
2
426840
432
2
896638
75
2
642132
959
1
651273
455
1
71571
345
0
372041
853
2
848533
454
2
126521
737
1
822182
530
2
931212
719
0
604149
996
0
588011
221
0
333187
54
2
985912
379
2
681647
948
1
776203
901
1
364385
395
0
797611
77
2
750937
300
2
344117
74
1
217029
710
0
227127
47
1
434645
483
0
964400
38
2
995843
862
0
172568
444
2
827509
45
1
132816
566
0
216346
806
2
352731
837
2
364832
989
2
260362
768
2
512837
454
2
188046
341
1
455842
399
1
244143
801
0
769120
578
2
907626
516
0
915469
84
0
917345
10
0
540133
81
1
203532
599
0
820075
735
0
407232
659
2
886319
639
2
212298
676
0
966436
972
0
704041
583
0
65530
457
1
951250
344
2
524238
595
1
661271
647
0
770954
252
2
307138
424
0
121187
361
2
865090
21
2
324056
703
1
977249
950
0
235816
836
1
387780
138
0
577322
868
1
409067
882
0
546615
225
2
444775
441
1
366424
659
1
938483
582
0
340067
200
1
595316
627
1
277430
546
1
405161
425
2
761340
383
0
658055
729
1
675699
712
1
854398
318
2
885595
879
0
982577
610
0
490442
297
0
276580
47
2
706462
982
0
748864
131
1
419655
141
2
179729
683
0
310353
708
2
992891
262
2
742830
485
2
639641
709
2
379895
294
2
352971
914
0
558581
484
1
176747
951
2
313612
926
1
142886
434
0
996664
705
0
203658
672
2
362129
497
0
382504
533
1
55597
66
0
493717
368
2
399843
66
0
671472
621
0
722708
133
2
181671
679
1
290251
599
0
704942
642
0
552066
176
1
33707
990
1
93572
176
2
773416
121
2
475526
819
1
743699
743
1
950286
325
0
997171
480
1
145680
180
2
698599
92
2
511119
350
1
268427
941
0
214154
366
0
809566
577
1
247663
949
0
872002
706
2
778084
546
2
682866
754
0
919138
554
2
84012
888
2
598896
394
0
17205
262
2
460929
207
2
365132
529
1
292216
140
2
639648
749
1
526160
273
1
958887
920
1
76903
828
1
106057
349
1
497446
130
1
265459
210
0
361245
230
2
241962
411
1
981139
412
0
479995
390
1
570494
279
2
163627
557
1
336069
640
1
538123
940
1
174494
354
2
491487
867
1
898796
26
2
564363
278
1
844664
284
2
975266
977
1
528693
596
1
982064
535
0
581370
333
1
863760
929
1
708470
823
0
252950
67
0
641237
489
1
617603
581
1
683884
6
0
286335
318
0
751745
360
1
966893
9
1
996440
192
2
788010
910
1
827115
35
0
359389
855
1
228896
591
0
806401
334
1
962297
911
0
73711
298
1
68711
295
0
298633
112
1
908400
741
2
946759
256
2
236894
853
1
11397
790
1
266523
324
0
545805
57
2
56924
945
0
174165
4
0
327688
922
2
289874
719
1
519013
528
2
528781
450
0
641590
282
1
341693
569
1
908559
950
0
469543
807
2
379197
522
0
287605
241
0
541812
734
2
715351
619
1
980787
947
0
964453
492
0
623143
737
2
35919
904
2
392046
715
1
545970
265
0
977738
858
0
920565
910
0
377485
231
0
756350
986
2
377337
926
1
1420
360
1
346875
944
1
858593
846
0
100179
343
1
462293
895
1
790832
995
1
683284
737
2
218242
60
0
937534
586
0
975235
866
2
156752
658
2
112236
390
1
753351
199
0
595179
119
0
46093
820
1
577702
915
1
760292
965
2
248124
694
0
902139
783
0
586142
409
1
197539
883
2
318673
943
2
640714
350
1
172153
37
2
147130
88
1
749180
172
0
468944
359
2
925127
214
2
759646
908
2
789350
210
1
53641
167
2
964361
397
0
32140
727
2
882703
936
1
830916
588
2
194377
100
1
570157
152
1
60847
117
0
685361
272
2
78329
559
0
720166
851
0
897485
118
2
6995
182
2
382681
717
1
362876
586
1
106641
94
1
973240
565
2
358581
219
0
996417
992
0
740243
279
0
567372
953
0
842160
162
0
425174
933
1
57764
187
2
915484
187
1
166299
697
1
626664
578
0
41611
105
2
227164
361
1
82821
901
0
820260
266
2
565234
815
2
276337
520
1
337220
681
0
157176
915
1
889409
443
0
621218
830
0
519054
113
2
947028
525
2
174632
614
2
453453
342
0
343909
237
2
14456
350
1
672690
889
0
107253
289
2
17420
884
0
615871
337
2
600454
461
0
830895
301
0
203487
618
0
914506
101
2
622752
883
1
128418
813
2
457257
874
0
659548
948
2
117569
411
2
803028
929
1
659110
558
0
882462
852
2
961411
513
2
767456
810
2
82618
758
2
271532
484
1
558138
889
0
511639
158
1
825642
940
1
130795
713
2
329037
400
2
648222
255
1
628480
740
0
458364
167
0
741674
689
0
360801
576
0
151897
846
2
418459
244
0
570159
147
1
814437
56
2
367675
830
2
46892
438
410
0
434396
502
0
643052
744
1
99774
721
2
769964
468
1
464841
363
0
978897
867
2
910577
155
1
78063
107
0
814042
683
0
90688
336
1
694781
251
1
317355
142
2
906583
202
0
43552
145
0
799245
377
2
415619
591
1
44946
851
2
84788
527
0
395453
356
1
102516
829
0
256229
9
1
270348
75
0
745344
147
0
635170
72
1
779015
867
0
329382
278
2
211463
398
0
570560
45
1
568166
609
2
398535
921
2
292696
804
1
122347
787
0
933003
528
0
713900
670
1
326673
409
2
268094
305
1
244483
66
0
664441
891
1
969249
685
2
900935
702
1
493892
346
0
435243
342
0
290330
656
0
874426
396
2
428097
497
2
646999
243
1
705265
300
0
62723
154
2
708683
628
2
943388
153
0
172685
32
2
837132
220
0
218908
891
0
511158
977
1
581114
370
2
327594
236
1
702437
322
1
327377
195
1
160968
431
0
369753
726
2
355233
346
1
978048
701
1
923207
590
0
404682
428
1
568665
194
0
655116
481
2
186138
381
1
519523
240
2
659871
845
2
424603
676
2
130709
849
0
353082
155
1
145534
603
2
305381
404
1
115935
297
2
89324
758
0
79802
505
2
408763
183
1
322307
835
0
672721
318
2
527912
498
2
488715
273
1
187586
215
0
691485
509
2
115677
880
2
746533
403
2
936688
570
0
834836
344
0
839278
721
1
819398
30
0
524833
472
0
811883
777
2
730577
627
0
315224
901
1
963380
388
2
71016
293
0
368771
575
1
162793
736
2
769838
693
0
744487
649
1
913395
368
0
717965
166
0
593655
303
0
70916
15
2
919414
621
2
543465
871
2
174043
768
1
362682
450
1
888094
362
2
537257
42
0
751980
986
2
471754
401
1
358321
245
0
959500
477
2
199569
297
1
655754
243
0
78821
226
2
197320
570
2
123168
550
2
729806
829
2
299989
56
0
18895
318
0
798583
447
0
135258
185
1
734817
214
0
439566
163
0
895183
232
0
622210
458
2
262773
554
1
96608
348
2
615988
628
1
417053
659
1
727543
180
2
529953
857
2
894933
943
0
195578
462
1
590273
683
1
764788
834
1
685951
677
1
446077
756
2
614218
701
0
368521
519
1
210498
317
1
869938
712
2
173853
365
1
322942
727
1
774442
67
0
59746
506
1
463513
851
2
818011
731
2
823000
281
1
214643
915
0
696643
526
1
484601
985
0
800867
720
2
405162
590
1
222361
363
2
83089
671
2
672117
554
0
434091
905
2
762735
392
1
573300
46
1
557886
959
1
219974
626
0
90579
289
0
947419
258
2
693405
58
0
324499
595
1
31230
739
1
735624
542
1
959556
262
1
756223
721
1
558076
227
2
541021
847
1
19898
2
2
749636
992
1
606813
724
0
409637
740
2
407804
438
2
218569
542
0
820726
822
1
88231
260
1
579461
334
1
489520
389
0
112606
152
0
628540
304
1
631383
281
2
228037
128
2
65669
549
1
774746
348
0
795755
339
2
366366
720
0
215039
931
2
372962
170
1
813818
117
1
264282
297
1
635582
779
0
203576
587
0
559628
592
2
598858
22
2
841881
804
2
284345
693
0
345814
746
1
186060
413
1
851292
258
0
89246
414
0
482470
801
0
933563
139
1
149995
592
2
425019
806
0
331564
616
2
31469
531
1
672215
529
1
285519
918
1
156213
449
1
760699
352
0
149059
470
0
681931
116
0
457610
908
1
416784
134
0
297514
920
2
304482
854
2
463829
819
2
745956
417
2
587989
196
2
702098
777
2
203391
389
0
423557
275
1
949136
649
1
687931
573
1
699911
255
1
321943
988
2
611289
851
1
568442
296
1
601422
403
0
293723
93
2
338253
755
0
975906
213
2
861688
873
1
603145
355
0
297526
775
0
104577
46
0
489622
266
0
885247
90
2
94617
634
0
707436
822
2
283004
655
1
580357
349
2
491796
724
0
650069
460
0
352837
8
1
390163
270
1
286495
496
1
891752
804
2
710490
453
1
205347
881
1
652628
154
0
771978
320
2
649170
717
1
427618
612
0
119560
839
2
94897
532
0
429233
704
1
571454
420
0
515798
391
2
727795
869
2
153642
286
2
463594
997
0
62226
580
2
796452
740
1
94749
858
2
35018
772
2
22104
615
2
582038
776
0
214411
81
2
726532
256
2
848621
921
2
529549
273
0
479324
655
2
499787
32
2
394661
632
2
810284
476
1
441223
480
1
886763
705
0
976075
571
1
665880
249
2
572692
335
0
759113
947
2
706447
565
1
557733
555
0
122435
522
1
969044
187
0
213373
404
1
171246
285
2
309830
961
0
593026
553
2
815997
813
1
925845
927
2
626873
635
2
143844
103
2
977163
883
2
502831
764
0
671351
7
1
367001
452
2
311798
401
0
549277
449
2
603933
113
0
882527
741
2
709444
196
1
885947
342
1
458383
69
0
692963
194
1
850314
806
0
32310
921
1
318147
448
1
561727
614
1
646589
77
0
698975
539
2
899779
94
0
182834
793
1
588149
785
1
832397
908
1
544764
618
0
648568
698
1
788445
571
0
465283
564
0
381313
147
1
69575
239
0
365563
759
1
309875
793
0
260063
667
0
629791
444
0
881582
485
1
977959
16
2
318283
998
1
543982
910
2
798669
434
1
849015
801
1
985194
518
1
400284
466
0
853358
234
2
107918
388
0
628670
158
0
55476
583
0
752360
403
0
587331
751
0
885942
821
2
561329
511
1
569189
411
2
367942
644
2
590222
481
0
391169
124
2
169561
210
1
347149
915
2
840827
743
2
451626
96
1
514915
397
2
304711
514
1
300330
292
2
466961
538
2
165523
260
1
201873
465
0
59714
361
0
348679
417
1
631819
538
2
97002
720
2
507894
117
0
467791
853
0
158306
285
2
373662
90
2
58391
702
2
632059
181
1
237818
638
0
748390
391
2
119415
166
2
226354
672
2
738984
203
1
955669
959
1
663062
697
1
267323
43
0
135448
686
0
446179
290
2
869290
999
1
251684
859
0
490073
759
2
578930
348
2
266641
931
1
991405
634
2
261046
102
2
250471
968
1
246882
970
1
98197
612
2
465110
673
2
264922
357
2
618382
487
1
489979
465
0
695513
84
1
720910
0
0
567121
144
0
382842
185
0
971637
618
0
873273
4
2
486159
391
0
19791
113
2
810843
1
1
939489
373
0
543364
771
1
543969
554
2
134537
525
2
483772
531
