0 15 18 13 12 12 15 21 20 18 18 19 16 12 14 16 17 18 13 11 15 20 15 15 16 17 14 18 9 15 15 8 19 19 16 11 20 19 24 7 17 13 21 17 15 14 24 19 12 14 
15 0 9 7 11 5 8 14 14 4 9 10 6 9 7 13 11 11 8 4 19 7 12 7 7 11 9 2 6 8 6 7 12 16 7 14 11 9 15 13 12 6 15 7 6 6 13 13 11 1 
18 9 0 10 14 11 12 16 13 9 14 5 9 7 9 16 12 15 12 12 16 2 9 12 12 15 12 7 12 6 15 11 14 13 5 7 16 4 6 11 13 10 17 10 11 11 14 14 11 10 
13 7 10 0 10 4 7 13 13 12 5 14 11 8 6 13 10 10 9 3 14 12 13 15 9 13 8 14 5 9 11 6 8 16 10 10 15 13 13 6 10 5 14 12 10 17 18 12 10 6 
12 11 14 10 0 8 11 17 17 16 15 15 13 8 10 10 14 8 9 7 18 16 11 19 12 13 10 15 5 11 11 4 18 13 12 15 16 15 20 15 20 9 15 14 11 19 20 16 8 10 
12 5 11 4 8 0 3 11 9 8 9 10 7 4 4 11 6 6 7 1 15 11 9 11 5 9 4 10 3 5 9 4 12 14 6 9 11 9 17 10 14 1 12 8 6 13 14 8 6 4 
15 8 12 7 11 3 0 14 6 5 12 8 4 5 7 8 7 3 5 4 13 11 6 8 2 10 1 7 6 6 12 7 13 11 7 6 8 9 16 10 13 2 13 5 3 11 11 7 3 7 
21 14 16 13 17 11 14 0 17 19 18 17 18 9 7 13 14 12 14 10 21 18 16 22 14 17 15 17 12 10 18 13 18 10 11 20 20 16 22 17 20 12 15 19 15 18 24 16 13 13 
20 14 13 13 16 9 6 17 0 11 16 14 10 8 10 12 3 9 11 10 19 11 12 14 8 6 7 13 12 9 18 12 16 9 10 9 14 13 14 13 14 8 9 11 9 13 17 1 9 13 
18 4 9 11 15 8 5 18 11 0 13 10 7 10 11 13 12 8 8 8 18 7 11 3 7 15 6 2 10 11 10 11 10 16 11 11 11 9 15 14 12 7 17 8 6 6 16 12 8 5 
18 9 14 5 15 9 12 18 16 13 0 18 15 12 11 15 13 15 14 8 12 16 17 10 14 11 12 11 10 11 15 11 3 16 12 7 20 17 8 11 5 10 10 16 15 15 19 15 14 10 
19 10 5 12 15 10 8 17 14 10 17 0 4 8 10 12 13 11 13 9 11 3 4 13 10 13 7 8 11 7 16 11 15 14 6 12 16 1 11 14 17 10 17 5 11 12 9 15 7 11 
16 6 9 11 13 7 4 18 10 7 15 4 0 9 11 10 11 7 9 8 13 7 6 10 6 14 3 5 10 10 12 9 16 13 10 8 12 5 15 12 14 6 15 1 7 9 13 11 5 7 
12 9 7 8 8 4 5 9 8 10 12 8 9 0 2 9 5 8 5 5 14 9 7 13 5 8 6 10 5 1 11 4 9 12 2 11 11 7 13 11 11 3 10 10 6 9 15 7 4 8 
14 7 9 6 10 4 7 7 10 12 11 10 11 2 0 11 7 10 7 3 16 11 9 15 7 10 8 10 5 3 11 6 11 14 4 13 13 9 15 10 13 5 8 12 8 11 17 9 6 6 
16 13 16 13 10 11 8 13 12 13 15 12 10 9 11 0 11 11 12 10 15 14 8 16 10 14 7 15 8 10 7 9 12 3 11 12 16 13 18 12 10 10 5 11 11 18 15 11 5 13 
17 11 12 10 13 6 7 14 3 12 13 13 11 5 7 11 0 10 10 7 18 14 12 15 9 3 8 14 9 6 15 9 13 8 7 6 15 12 11 10 12 5 10 12 10 14 18 2 9 10 
18 11 15 10 8 6 3 12 9 8 15 11 7 8 10 11 10 0 8 7 16 14 9 11 5 13 4 10 9 9 15 10 16 14 10 9 11 12 19 13 15 5 16 8 6 14 14 10 6 10 
13 8 12 9 9 7 5 14 11 8 14 13 9 5 7 12 10 8 0 6 18 11 11 11 3 12 6 6 4 6 10 5 14 15 7 11 7 12 18 10 16 7 15 10 2 10 16 12 8 9 
11 4 12 3 7 1 4 10 10 9 8 9 8 5 3 10 7 7 6 0 16 10 10 12 6 10 5 11 2 6 8 3 11 13 7 10 12 8 16 9 13 2 11 9 7 14 15 9 7 3 
15 19 16 14 18 15 13 21 19 18 12 11 13 14 16 15 18 16 18 16 0 14 7 21 15 21 12 18 15 15 21 14 15 18 16 12 12 12 17 8 17 14 13 14 16 22 20 20 10 19 
20 7 2 12 16 11 11 18 11 7 16 3 7 9 11 14 14 14 11 10 14 0 7 10 10 16 10 5 12 8 13 13 16 11 7 9 14 2 8 13 15 12 17 8 9 9 12 12 10 8 
15 12 9 13 11 9 6 16 12 11 17 4 6 7 9 8 12 9 11 10 7 7 0 14 8 15 5 11 8 8 14 7 16 11 9 10 14 5 10 10 16 8 13 7 9 15 13 13 3 13 
15 7 12 14 18 11 8 21 14 3 10 13 10 13 14 16 15 11 11 11 21 10 14 0 10 17 9 5 13 14 13 14 7 19 14 14 14 12 18 17 9 10 14 11 9 9 19 15 11 8 
16 7 12 9 12 5 2 14 8 7 14 10 6 5 7 10 9 5 3 6 15 10 8 10 0 12 3 5 7 6 13 8 14 13 7 8 6 11 18 9 14 4 15 7 1 9 13 9 5 8 
17 11 15 13 13 9 10 17 6 15 11 13 14 8 10 14 3 13 12 10 21 16 15 17 12 0 11 17 8 9 14 9 10 11 10 9 18 14 13 13 12 8 13 15 13 17 21 5 12 10 
14 9 12 8 10 4 1 15 7 6 12 7 3 6 8 7 8 4 6 5 12 10 5 9 3 11 0 8 7 7 13 6 13 10 8 5 9 8 15 9 11 3 12 4 4 12 10 8 2 8 
17 2 7 9 13 7 7 16 13 2 11 8 5 10 9 15 13 10 6 6 18 5 11 5 5 13 8 0 8 10 8 9 12 16 9 13 9 7 13 12 14 8 17 6 4 4 15 14 10 3 
9 6 12 5 5 3 6 12 12 11 10 11 10 5 5 8 9 9 4 2 15 12 8 14 7 8 7 10 0 6 6 1 13 11 7 10 11 10 18 11 15 4 13 11 6 14 17 11 5 5 
13 8 6 9 9 5 6 10 9 11 11 7 10 1 3 10 6 9 6 6 15 8 8 14 6 9 7 11 6 0 12 5 8 13 1 12 12 6 12 12 10 4 11 11 7 10 14 8 5 9 
15 6 16 11 11 9 12 18 18 11 15 16 12 11 11 7 15 15 10 8 21 13 14 13 13 14 13 8 6 12 0 7 18 10 13 16 17 15 22 17 17 10 12 13 12 12 19 17 11 7 
8 7 11 6 4 4 7 13 12 11 11 11 9 4 6 9 9 10 5 3 14 13 7 14 8 9 6 9 1 5 7 0 13 12 6 11 12 11 17 11 15 5 14 12 7 13 16 11 4 6 
19 12 14 8 17 12 13 18 16 10 3 15 16 9 11 12 13 16 14 11 15 16 16 7 14 10 13 12 13 8 18 13 0 13 9 8 20 14 11 12 2 11 7 17 15 16 16 15 13 13 
19 16 13 16 13 14 11 10 9 16 16 14 13 12 14 3 8 14 15 13 18 11 11 19 13 11 10 16 11 13 10 12 13 0 14 14 19 13 19 15 11 13 6 14 14 20 18 8 8 16 
14 7 5 10 10 6 7 11 10 11 12 6 10 2 4 11 7 10 7 7 16 7 9 14 7 10 8 9 7 1 13 6 9 14 0 12 13 5 11 13 11 5 12 11 8 11 15 9 6 8 
11 14 7 10 15 9 6 20 9 11 7 12 8 11 13 12 6 9 11 10 12 9 10 14 8 9 5 13 10 12 16 11 8 14 12 0 14 11 13 4 6 8 11 9 9 17 15 8 7 13 
20 11 16 15 16 11 8 20 14 11 20 16 12 11 13 16 15 11 7 12 12 14 14 14 6 18 9 9 11 12 17 12 20 19 13 14 0 16 22 13 20 10 21 13 5 13 19 15 11 12 
19 9 4 11 15 9 9 16 13 9 16 1 5 7 9 13 12 12 12 8 12 2 5 12 11 14 8 7 10 6 15 11 14 13 5 11 16 0 10 15 16 10 16 6 11 11 10 14 8 10 
24 15 6 13 20 17 16 22 14 15 8 11 15 13 15 18 11 19 18 16 17 8 10 18 18 13 15 13 18 12 21 17 11 19 11 13 22 10 0 17 13 16 18 16 17 17 20 13 13 16 
7 13 11 6 15 10 10 17 13 14 11 14 12 11 10 12 10 13 10 9 8 13 10 17 9 13 9 12 11 12 17 11 12 15 13 4 13 15 17 0 10 11 15 13 8 16 19 12 7 12 
17 12 13 10 19 14 12 20 14 12 5 17 14 11 13 10 12 15 16 13 17 15 16 9 14 12 11 14 15 10 17 15 2 11 11 6 20 16 13 10 0 13 5 15 15 18 18 13 13 11 
13 6 10 5 9 1 2 12 8 7 10 10 6 3 5 10 5 5 7 2 14 12 8 10 4 8 3 8 4 4 10 5 11 13 5 8 10 10 16 11 13 0 13 7 5 12 13 7 5 5 
21 15 17 14 15 12 13 15 9 17 10 17 15 10 8 5 10 16 15 11 13 17 13 14 15 13 12 17 13 11 12 14 7 6 12 11 21 16 18 15 5 13 0 16 16 19 20 8 10 14 
17 7 10 12 14 8 5 19 11 8 16 5 1 10 12 11 12 8 10 9 14 8 7 11 7 15 4 6 11 11 13 10 17 14 11 9 13 6 16 13 15 7 16 0 8 10 14 12 6 8 
15 6 11 10 11 6 3 15 9 6 15 11 7 6 8 11 10 6 2 7 16 9 9 9 1 13 4 4 6 7 12 7 15 14 8 9 5 11 17 8 15 5 16 8 0 8 14 10 6 7 
14 6 11 13 17 11 11 18 13 6 15 12 9 9 11 18 14 14 10 10 22 9 15 9 9 17 12 4 12 10 12 13 16 20 11 17 13 11 17 16 18 12 19 10 8 0 19 12 13 7 
24 13 14 18 20 14 11 24 17 16 19 9 13 15 17 15 18 14 16 15 20 12 13 19 13 21 10 15 17 14 19 16 16 18 15 15 19 10 20 19 18 13 20 14 14 19 0 18 12 12 
19 13 14 12 15 8 7 16 1 12 15 15 11 7 9 11 2 10 12 9 20 12 13 15 9 5 8 14 11 8 17 11 15 8 9 8 15 14 13 12 13 7 8 12 10 12 18 0 10 12 
12 11 11 10 8 6 3 13 9 8 14 7 5 4 6 5 9 6 8 7 10 10 3 11 5 12 2 10 5 5 11 4 13 8 6 7 11 8 13 7 13 5 10 6 6 13 12 10 0 10 
14 1 10 6 10 4 7 13 13 5 10 11 7 8 6 13 10 10 9 3 19 8 13 8 8 10 8 3 5 9 7 6 13 16 8 13 12 10 16 12 11 5 14 8 7 7 12 12 10 0 

