50
32 35 95
3 33 79
37 42 16
7 16 99
12 42 35
27 35 71
25 35 54
45 46 90
16 27 26
26 46 10
4 35 46
7 45 30
26 44 65
16 47 2
2 30 84
16 37 21
0 46 56
10 17 40
5 30 76
10 27 60
10 13 95
32 39 32
15 46 15
13 39 51
12 47 86
4 39 70
39 48 7
9 22 90
21 36 26
29 41 62
25 31 45
24 39 81
18 33 17
29 34 1
28 42 37
9 11 21
33 37 56
1 33 92
32 34 75
17 43 12
2 44 47
22 26 31
7 36 67
4 6 51
12 19 86
44 45 23
1 12 6
47 48 77
6 45 61
2 43 97
11 28 81
6 37 17
30 47 53
0 21 36
10 40 72
20 39 8
15 35 91
1 37 28
45 47 12
32 37 47
14 16 83
34 40 66
19 49 3
4 8 39
24 32 22
8 42 58
45 48 42
13 25 77
29 46 14
8 32 96
3 18 33
33 49 69
1 7 52
19 31 88
12 34 72
0 31 8
21 42 44
2 27 27
1 42 63
21 45 99
32 42 82
26 29 19
13 41 3
16 22 74
36 46 57
7 42 93
5 14 30
25 38 13
10 48 49
17 31 33
15 31 68
15 48 5
20 34 88
4 24 24
40 47 60
0 35 43
21 46 79
14 41 63
2 46 98
27 48 35
38 42 54
3 22 90
36 37 73
28 35 10
6 7 93
39 40 29
17 28 65
17 18 49
37 47 84
7 20 21
27 44 4
2 32 24
1 46 95
1 40 79
6 30 15
23 45 51
11 13 34
9 46 70
15 47 54
0 6 89
12 49 26
5 39 10
40 48 45
26 34 81
21 38 64
17 22 84
25 41 20
19 34 56
19 33 40
40 44 75
8 26 12
20 44 94
32 47 31
33 34 15
18 43 50
1 48 86
23 27 70
42 45 42
25 27 61
0 33 45
2 12 80
27 38 17
8 38 36
28 49 72
7 39 55
31 47 91
1 21 75
40 49 11
20 40 47
21 48 31
14 45 66
10 32 3
19 39 85
15 16 22
35 40 6
20 49 41
24 33 61
9 42 96
33 44 33
14 25 16
27 42 52
41 43 36
10 38 8
39 42 91
38 46 27
22 32 63
11 14 82
3 27 66
19 28 2
22 46 38
27 29 57
12 38 93
4 40 77
26 36 32
6 14 68
26 39 52
11 48 87
7 40 24
0 40 43
39 46 27
5 24 62
0 10 98
24 38 82
39 43 54
28 41 38
13 30 73
4 33 57
15 41 29
25 29 13
13 44 84
27 40 68
18 28 4
4 38 23
28 45 43
21 30 78
0 23 15
17 37 98
6 36 18
7 30 53
14 34 9
31 32 45
1 6 29
15 45 64
6 39 48
23 47 20
27 45 4
30 41 39
21 44 75
25 43 59
30 37 78
29 45 14
9 26 50
11 16 34
33 48 69
3 39 6
19 43 89
33 38 25
8 36 44
43 45 80
13 19 64
16 49 99
32 38 36
3 12 20
20 32 55
3 46 74
19 21 11
7 41 94
21 32 66
11 44 50
21 40 85
12 21 69
11 32 41
13 32 25
0 25 96
5 8 16
25 33 99
10 42 35
16 43 71
15 25 55
11 27 90
34 44 27
4 18 11
19 26 46
3 45 30
21 37 2
31 36 85
2 36 21
23 48 57
33 36 41
23 46 76
14 36 60
28 29 96
2 31 87
9 45 71
7 14 7
27 39 90
16 31 46
1 41 81
6 24 2
22 41 37
25 40 21
2 41 57
0 11 92
33 41 76
47 49 12
1 43 48
40 43 32
6 13 67
37 40 51
29 35 87
14 44 23
3 37 78
19 23 62
8 20 97
41 46 53
18 37 37
3 47 72
1 10 9
39 41 28
12 13 12
18 32 83
2 6 67
6 17 3
21 24 39
41 49 23
8 28 58
31 41 78
9 39 14
5 43 69
21 39 53
2 39 72
13 45 9
8 34 44
17 20 63
18 19 99
9 36 83
14 19 3
6 22 39
8 33 93
23 30 30
3 48 14
10 44 49
6 9 5
21 43 88
22 40 24
7 49 60
11 33 79
20 43 63
45 49 99
1 25 35
21 49 19
25 39 90
11 42 74
28 37 10
35 44 65
5 18 49
24 36 21
41 48 5
15 26 40
22 47 24
16 46 60
13 20 95
8 10 79
6 19 54
18 22 90
3 31 26
7 15 46
12 48 65
38 41 56
26 42 12
9 17 95
14 24 31
29 44 15
1 31 51
10 11 42
30 35 26
8 35 45
4 37 17
9 21 37
1 18 72
14 21 56
16 20 91
19 38 75
8 30 31
14 29 67
0 44 86
16 40 22
22 25 77
42 49 61
11 17 33
27 46 36
21 34 72
6 43 8
30 49 91
13 22 47
0 19 82
15 33 3
10 36 22
0 30 93
34 38 13
4 12 96
23 31 68
13 47 52
0 16 88
13 23 24
33 47 8
12 15 27
23 40 63
14 26 82
12 33 19
5 49 54
15 37 38
2 25 73
24 47 57
4 5 29
35 42 49
37 41 84
1 35 68
36 44 5
6 18 87
1 20 24
25 37 59
13 42 43
15 29 15
31 46 98
4 42 35
14 31 18
24 46 54
29 47 89
29 30 73
14 39 10
19 22 29
8 15 84
13 48 4
20 25 40
11 18 75
22 36 95
7 24 78
3 35 15
27 43 50
34 35 34
4 46 70
16 35 6
35 46 89
12 41 45
8 18 80
0 4 36
20 28 20
5 37 56
0 18 39
10 21 75
2 29 94
4 47 50
2 14 86
9 30 69
6 8 6
6 12 61
18 41 96
12 46 80
23 25 17
43 49 99
15 27 36
12 17 71
2 10 27
22 34 11
2 33 30
26 48 2
4 44 85
1 19 22
33 43 41
34 42 77
13 33 32
0 29 16
35 38 52
19 47 87
0 7 71
24 31 8
20 27 90
4 10 27
14 23 62
34 48 46
3 16 18
8 49 38
4 49 21
15 18 92
6 10 76
18 21 48
7 9 32
28 32 68
9 32 87
30 43 24
2 35 7
41 42 62
26 37 98
22 42 81
4 27 18
2 22 37
0 24 73
5 22 9
25 46 92
37 45 29
0 20 84
4 31 4
9 15 23
14 48 43
11 47 78
12 20 15
3 41 97
4 14 34
16 23 69
9 47 73
11 46 9
17 35 45
38 39 28
6 28 99
16 45 39
1 4 75
21 28 58
6 38 94
30 44 34
0 14 69
33 42 6
5 47 88
15 23 25
1 24 60
7 10 44
29 49 80
16 17 64
19 41 36
28 34 19
30 45 74
13 17 11
7 44 85
3 28 21
12 27 5
11 21 41
3 29 25
2 20 60
36 39 96
38 45 79
17 39 16
30 42 35
1 29 55
20 47 27
4 11 65
35 48 85
8 14 21
4 16 57
24 40 40
14 33 95
36 43 32
11 43 16
3 26 51
8 9 70
1 34 7
3 14 62
37 44 81
8 47 1
27 37 37
37 38 56
16 30 92
35 37 12
37 48 67
15 39 86
0 48 23
20 22 7
5 32 42
10 15 62
9 19 97
29 33 34
2 19 17
22 30 53
4 41 37
3 30 72
24 41 9
14 17 92
28 43 28
36 41 47
18 36 83
17 41 67
22 48 3
7 28 39
1 39 58
10 24 94
17 45 77
2 4 14
22 28 97
41 47 69
23 35 88
31 39 25
1 14 8
5 45 63
2 26 99
36 45 83
5 28 55
11 15 38
19 42 74
27 41 58
24 25 93
9 34 30
14 18 49
12 39 85
3 10 5
23 34 88
8 44 24
13 27 44
28 40 79
32 46 16
22 23 35
7 11 54
1 13 90
17 36 74
30 33 46
36 38 29
26 31 84
15 24 40
24 43 59
5 16 95
15 30 7
4 26 89
19 25 26
5 35 10
9 40 65
11 37 1
18 20 37
38 44 20
23 37 40
24 48 95
17 30 31
10 19 50
26 47 70
28 30 6
16 39 26
0 42 97
40 41 17
30 34 72
0 8 56
20 36 12
17 26 47
6 15 31
29 43 66
16 25 3
5 9 42
9 24 61
18 45 17
2 7 88
7 38 72
42 47 8
20 23 27
31 40 63
3 19 3
17 29 38
8 13 22
18 40 93
20 42 13
10 33 49
30 39 33
10 34 68
11 39 52
29 32 8
4 23 79
9 44 63
26 28 98
33 46 54
3 20 38
17 33 73
22 38 10
19 44 29
13 15 84
37 39 68
11 40 59
5 15 43
16 24 78
38 49 45
5 26 29
24 44 1
24 29 20
31 48 4
2 9 39
13 46 50
15 20 34
18 30 70
7 22 25
34 49 61
18 42 45
1 49 1
6 32 20
5 27 55
5 36 91
1 8 94
4 25 31
20 26 66
7 47 41
19 36 61
4 45 96
19 46 80
9 28 16
30 32 71
3 5 91
43 47 46
4 29 66
32 40 2
6 40 22
11 25 13
31 49 96
9 12 32
12 18 16
11 23 87
16 21 71
10 35 7
0 27 62
5 11 82
22 35 18
25 45 37
26 38 73
6 44 57
34 46 92
4 20 76
23 38 48
9 16 67
13 31 4
13 38 78
27 31 62
14 49 34
17 24 18
5 38 37
12 31 28
16 34 83
25 44 39
6 48 23
14 37 94
1 47 78
39 45 97
30 38 34
9 13 69
29 37 53
8 23 64
19 32 99
9 14 83
10 46 20
0 37 55
2 49 39
7 32 58
12 36 94
11 24 14
31 34 50
44 47 69
21 27 5
25 47 88
0 12 16
9 29 55
11 30 74
32 41 11
9 38 49
33 40 41
18 49 76
0 28 60
22 33 95
4 22 79
12 25 51
32 49 35
0 34 71
1 45 26
11 34 10
11 35 46
3 6 81
16 18 65
1 27 2
35 36 37
26 40 12
5 34 70
0 39 7
31 38 26
29 38 62
3 24 97
3 11 17
28 31 1
37 43 28
7 17 12
15 44 58
26 45 77
31 43 61
20 21 53
13 49 72
14 47 28
7 37 63
19 30 47
9 23 3
20 48 58
0 13 93
3 49 77
3 8 33
15 28 8
18 31 63
11 19 99
31 44 82
10 29 93
29 40 30
1 2 13
13 24 5
37 46 40
21 23 43
23 33 35
20 45 73
2 18 45
11 38 65
13 29 1
12 35 84
6 11 59
9 48 61
20 38 64
18 24 94
38 43 66
8 17 50
13 34 6
21 31 80
25 34 36
24 26 55
20 30 85
39 49 58
10 41 77
11 20 96
12 23 33
14 42 8
26 41 47
22 27 82
23 36 57
6 46 13
1 36 49
11 29 32
0 22 87
14 46 43
25 26 98
4 34 92
8 37 48
23 42 68
15 43 59
5 12 94
2 28 78
18 23 89
31 33 83
15 32 20
0 41 55
1 44 50
7 27 85
19 27 25
1 38 99
22 49 36
16 38 11
29 39 30
22 44 50
9 43 77
5 40 60
10 23 80
3 40 90
2 48 27
18 44 2
27 36 38
18 25 41
7 46 51
26 49 87
12 29 71
1 22 27
26 30 18
7 29 37
8 40 92
4 9 29
11 12 4
13 35 62
16 44 97
7 34 72
27 30 9
29 36 92
32 48 83
16 32 58
10 39 78
8 11 69
4 7 80
9 49 63
8 21 11
14 32 30
17 38 49
2 47 85
26 32 69
12 14 24
0 15 16
1 26 71
9 27 2
24 27 60
43 46 32
28 33 26
14 43 56
46 48 31
21 35 23
35 45 17
5 7 53
28 46 67
1 28 22
7 48 14
1 32 58
3 43 13
13 18 5
18 38 88
9 37 35
26 33 54
42 48 10
2 37 93
31 42 29
1 23 65
4 48 49
34 47 68
8 46 24
8 31 15
44 46 70
14 20 54
3 13 10
12 43 1
9 35 50
5 19 1
7 13 47
29 48 6
3 32 77
9 20 61
28 39 80
14 22 52
17 32 36
16 33 8
7 25 91
27 33 47
0 5 38
5 10 57
41 44 41
30 36 77
15 49 96
20 29 32
25 28 8
48 49 18
13 14 2
3 7 57
46 47 32
10 37 73
4 13 48
36 47 94
0 38 78
23 41 15
3 36 50
22 29 80
16 26 83
0 45 14
7 8 69
28 36 41
13 40 44
24 45 71
1 11 46
34 37 5
1 17 76
17 21 62
36 49 46
9 31 21
23 43 87
35 39 4
5 13 86
4 43 34
12 40 72
0 47 28
21 29 47
1 15 39
4 32 55
16 28 65
7 18 85
8 25 68
42 44 98
1 5 26
10 31 59
14 15 26
5 6 21
19 48 92
7 26 47
1 9 67
1 30 6
4 17 8
12 45 28
24 42 66
22 24 38
13 43 42
1 16 77
16 48 72
6 23 98
15 40 38
0 49 74
10 16 13
40 42 5
17 34 24
0 9 63
3 21 54
32 36 93
17 46 29
2 5 65
11 22 4
46 49 12
13 28 94
11 31 86
12 22 6
22 31 25
5 41 1
11 41 72
5 17 47
9 10 61
5 29 8
9 18 46
27 47 22
20 33 93
5 42 27
12 44 92
8 29 29
43 44 13
6 34 84
18 46 67
43 48 48
23 28 75
24 35 78
14 28 34
1 3 25
12 24 44
17 19 64
5 25 36
27 32 74
0 36 41
15 34 25
0 43 60
15 21 96
38 40 46
28 38 65
2 40 57
7 23 76
17 40 16
8 19 51
27 49 78
2 15 37
26 43 92
41 45 48
34 39 39
4 21 28
23 39 99
25 36 39
38 47 33
2 34 5
17 42 44
12 30 79
4 15 10
0 3 93
6 33 84
15 22 24
7 33 10
29 42 81
34 36 21
0 17 75
10 20 12
20 37 51
5 46 86
3 15 75
12 32 31
32 43 67
12 26 3
22 43 42
34 41 77
16 19 17
19 37 8
10 45 91
5 21 66
13 36 58
23 49 33
6 27 57
10 47 49
15 38 84
40 45 87
19 35 24
10 14 59
32 45 18
23 29 73
6 29 64
17 44 75
44 48 75
24 34 50
13 26 41
28 48 71
0 2 47
11 45 30
35 47 22
6 31 16
24 49 71
3 34 82
6 35 51
2 42 43
20 31 37
14 40 29
22 39 48
31 37 23
33 35 78
32 44 72
17 25 99
0 32 33
2 38 6
14 38 44
7 12 49
10 49 51
18 34 55
25 49 10
3 44 16
19 29 81
2 45 91
2 13 83
22 37 67
15 17 25
35 41 8
6 21 38
4 19 74
8 12 88
17 23 16
19 45 35
11 49 90
6 25 74
15 42 5
0 1 40
18 29 7
8 41 65
7 31 56
8 39 40
17 48 95
20 35 97
24 28 11
21 41 88
10 43 38
33 45 77
4 28 8
16 42 43
42 46 29
13 37 64
28 47 20
3 23 55
21 33 11
37 49 71
8 16 48
6 42 34
5 33 48
30 46 58
13 16 5
14 27 60
27 34 79
32 33 81
2 21 2
3 42 62
13 21 97
21 25 17
4 36 92
15 36 31
17 47 86
10 22 77
23 26 19
12 28 68
25 32 10
8 24 40
17 27 73
7 19 29
42 43 40
30 31 15
28 44 91
5 48 31
12 16 22
8 45 87
22 45 46
35 49 87
2 11 24
25 48 78
10 30 55
3 38 69
34 43 35
20 24 71
25 42 81
24 37 18
44 49 53
14 35 50
23 24 88
9 25 79
15 19 90
35 43 74
31 45 45
6 26 1
7 43 83
31 35 14
27 28 82
39 47 38
30 40 74
24 30 24
3 25 84
17 49 20
6 20 22
0 26 77
11 26 17
10 28 57
11 36 48
40 46 39
18 26 25
5 20 66
7 35 57
20 46 51
19 40 83
21 22 94
9 33 38
16 41 5
39 44 8
18 39 52
6 41 2
19 20 38
5 44 52
2 23 67
36 42 97
6 49 28
38 48 88
10 18 69
23 44 71
10 12 58
29 31 88
21 26 19
18 48 24
2 17 54
2 3 10
16 36 36
19 24 82
18 35 89
21 47 45
23 32 7
36 40 44
18 27 63
10 25 11
2 16 31
10 26 49
18 47 70
7 21 56
26 27 25
8 48 90
2 24 32
20 41 14
6 47 28
8 22 77
16 29 52
36 48 24
14 30 50
34 45 88
9 41 42
2 8 34
26 35 5
33 39 94
5 31 28
12 37 55
8 43 75
4 30 61
3 9 62
8 27 35
5 23 71
25 30 55
30 48 28
3 17 93
3 4 13
6 16 94
