5000
646 4948 50
860 4841 5
860 4947 48
1698 4503 44
1920 2872 14
1920 4134 21
1920 4818 44
2035 4976 46
2204 4058 45
2325 4924 0
2343 4992 62
2493 4927 37
2716 4402 41
2716 4857 58
2784 4966 69
2784 4971 47
2872 1920 14
2872 4405 97
2872 4981 15
2986 4962 79
2986 4990 33
3125 4829 54
3125 4967 86
3138 4996 15
3142 4869 85
3305 3810 45
3305 4869 63
3418 4619 85
3544 4442 37
3546 4402 81
3810 3305 45
3810 4892 83
3886 4981 93
3886 4985 89
4002 4503 78
4058 2204 45
4058 4825 5
4058 4844 0
4058 4952 86
4058 4992 47
4078 4968 35
4126 4858 76
4129 4780 1
4129 4854 40
4129 4916 57
4134 1920 21
4134 4967 45
4146 4823 60
4151 4942 70
4151 4947 46
4163 4321 65
4163 4929 20
4217 4405 54
4217 4947 78
4217 4975 31
4321 4163 65
4321 4841 82
4321 4924 39
4321 4937 60
4321 4977 45
4341 4944 58
4368 4402 16
4368 4702 15
4368 4957 46
4368 4988 45
4402 2716 41
4402 3546 81
4402 4368 16
4402 4938 35
4405 2872 97
4405 4217 54
4405 4439 29
4405 4825 46
4405 4992 25
4416 4884 60
4416 4957 25
4428 4992 17
4439 4405 29
4439 4702 10
4439 4949 75
4442 3544 37
4442 4780 65
4442 4825 17
4442 4857 48
4442 4908 6
4495 4520 45
4495 4715 51
4495 4898 44
4495 4984 34
4495 4990 26
4503 1698 44
4503 4002 78
4503 4854 62
4503 4910 17
4503 4992 62
4520 4495 45
4520 4947 27
4520 4955 14
4520 4986 91
4588 4759 96
4588 4841 80
4588 4844 70
4588 4869 92
4588 4898 56
4619 3418 85
4619 4785 43
4619 4841 8
4619 4869 18
4619 4886 22
4619 4975 72
4650 4844 3
4650 4908 34
4650 4982 5
4666 4759 81
4666 4844 40
4666 4938 72
4666 4944 44
4666 4991 58
4666 4993 84
4702 4368 15
4702 4439 10
4702 4857 33
4702 4869 72
4702 4892 48
4702 4971 36
4704 4924 7
4704 4957 26
4704 4962 41
4704 4995 67
4715 4495 51
4715 4778 39
4715 4844 34
4715 4884 18
4715 4957 91
4715 4991 81
4747 4944 32
4747 4957 9
4747 4976 69
4747 4990 65
4747 4998 53
4759 4588 96
4759 4666 81
4759 4781 84
4759 4854 15
4759 4937 44
4759 4944 59
4759 4965 37
4759 4976 76
4759 4979 47
4759 4983 43
4759 4994 68
4778 4715 39
4778 4886 87
4778 4898 50
4780 4129 1
4780 4442 65
4780 4854 58
4780 4898 79
4780 4924 68
4780 4948 35
4780 4962 40
4780 4985 19
4780 4997 82
4781 4759 84
4781 4785 60
4781 4844 67
4781 4880 14
4781 4908 84
4781 4996 56
4781 4998 27
4785 4619 43
4785 4781 60
4785 4818 76
4785 4857 36
4785 4884 98
4785 4944 96
4785 4975 55
4818 1920 44
4818 4785 76
4818 4884 9
4818 4916 29
4818 4945 8
4818 4949 26
4818 4954 97
4818 4996 21
4823 4146 60
4823 4829 36
4823 4916 69
4823 4957 59
4823 4970 64
4823 4976 52
4823 4977 56
4823 4982 19
4825 4058 5
4825 4405 46
4825 4442 17
4825 4892 67
4825 4942 13
4825 4967 17
4829 3125 54
4829 4823 36
4829 4858 16
4829 4869 91
4829 4917 70
4829 4968 44
4829 4977 82
4829 4985 61
4829 4988 62
4841 860 5
4841 4321 82
4841 4588 80
4841 4619 8
4841 4954 76
4841 4972 7
4841 4979 56
4841 4983 46
4841 4990 19
4841 4993 55
4841 4995 82
4841 4996 38
4844 4058 0
4844 4588 70
4844 4650 3
4844 4666 40
4844 4715 34
4844 4781 67
4844 4869 52
4844 4898 52
4844 4965 11
4844 4975 3
4844 4982 32
4844 4984 16
4844 4986 14
4844 4995 47
4854 4129 40
4854 4503 62
4854 4759 15
4854 4780 58
4854 4949 25
4854 4955 22
4854 4962 74
4854 4979 51
4854 4985 71
4854 4988 30
4854 4990 42
4854 4993 67
4857 2716 58
4857 4442 48
4857 4702 33
4857 4785 36
4857 4898 21
4857 4938 33
4857 4945 59
4857 4984 26
4857 4996 6
4857 4997 20
4858 4126 76
4858 4829 16
4858 4892 91
4858 4910 31
4858 4937 57
4858 4948 41
4858 4966 60
4858 4983 90
4858 4992 12
4858 4995 51
4869 3142 85
4869 3305 63
4869 4588 92
4869 4619 18
4869 4702 72
4869 4829 91
4869 4844 52
4869 4908 38
4869 4910 18
4869 4924 26
4869 4944 20
4869 4948 29
4869 4984 34
4869 4992 18
4869 4995 34
4880 4781 14
4880 4927 29
4880 4937 33
4880 4944 19
4880 4945 42
4880 4954 55
4880 4957 72
4880 4966 23
4880 4972 35
4880 4976 96
4884 4416 60
4884 4715 18
4884 4785 98
4884 4818 9
4884 4886 92
4884 4892 91
4884 4916 30
4884 4922 75
4884 4927 33
4884 4944 32
4884 4952 14
4884 4962 58
4884 4971 64
4884 4976 69
4884 4982 41
4884 4986 50
4884 4988 91
4884 4991 33
4884 4995 86
4884 4997 81
4886 4619 22
4886 4778 87
4886 4884 92
4886 4922 39
4886 4937 28
4886 4948 29
4886 4976 4
4886 4994 62
4886 4996 46
4892 3810 83
4892 4702 48
4892 4825 67
4892 4858 91
4892 4884 91
4892 4908 59
4892 4924 76
4892 4927 99
4892 4942 96
4892 4971 56
4892 4977 96
4892 4984 76
4892 4988 0
4892 4992 59
4892 4997 20
4895 4976 90
4895 4998 12
4898 4495 44
4898 4588 56
4898 4778 50
4898 4780 79
4898 4844 52
4898 4857 21
4898 4910 54
4898 4922 43
4898 4949 15
4898 4966 11
4898 4977 35
4898 4983 37
4898 4984 32
4898 4987 35
4898 4991 61
4898 4998 41
4908 4442 6
4908 4650 34
4908 4781 84
4908 4869 38
4908 4892 59
4908 4929 34
4908 4942 81
4908 4944 88
4908 4945 34
4908 4965 45
4908 4984 80
4908 4993 18
4908 4997 72
4910 4503 17
4910 4858 31
4910 4869 18
4910 4898 54
4910 4938 73
4910 4947 49
4910 4949 77
4910 4967 24
4910 4972 42
4910 4977 22
4910 4986 80
4910 4996 9
4916 4129 57
4916 4818 29
4916 4823 69
4916 4884 30
4916 4929 66
4916 4944 26
4916 4954 34
4916 4966 43
4916 4967 44
4916 4972 84
4916 4976 81
4916 4983 1
4916 4984 45
4916 4987 33
4916 4990 18
4917 4829 70
4917 4924 47
4917 4929 23
4917 4942 47
4917 4952 85
4917 4955 52
4917 4965 18
4917 4966 20
4917 4972 8
4917 4982 26
4917 4987 67
4917 4997 81
4922 4884 75
4922 4886 39
4922 4898 43
4922 4944 14
4922 4945 24
4922 4955 65
4922 4962 93
4922 4967 6
4922 4971 59
4922 4975 38
4922 4976 18
4922 4977 56
4922 4980 85
4922 4993 52
4922 4995 19
4922 4996 19
4922 4997 30
4924 2325 0
4924 4321 39
4924 4704 7
4924 4780 68
4924 4869 26
4924 4892 76
4924 4917 47
4924 4929 12
4924 4937 46
4924 4945 88
4924 4948 28
4924 4957 66
4924 4962 74
4924 4981 96
4924 4985 82
4924 4990 6
4927 2493 37
4927 4880 29
4927 4884 33
4927 4892 99
4927 4948 8
4927 4962 72
4927 4968 59
4927 4971 6
4927 4993 80
4927 4997 53
4927 4998 49
4929 4163 20
4929 4908 34
4929 4916 66
4929 4917 23
4929 4924 12
4929 4944 22
4929 4948 9
4929 4965 52
4929 4968 23
4929 4972 59
4929 4977 20
4929 4983 47
4929 4986 30
4929 4988 20
4929 4992 6
4929 4995 38
4937 4321 60
4937 4759 44
4937 4858 57
4937 4880 33
4937 4886 28
4937 4924 46
4937 4944 26
4937 4952 74
4937 4968 5
4937 4972 13
4937 4976 74
4937 4977 41
4937 4979 62
4937 4980 52
4937 4981 71
4937 4983 63
4937 4993 69
4937 4994 88
4937 4996 5
4938 4402 35
4938 4666 72
4938 4857 33
4938 4910 73
4938 4962 24
4938 4968 97
4938 4971 62
4938 4980 54
4938 4982 70
4938 4994 86
4938 4995 93
4938 4997 89
4942 4151 70
4942 4825 13
4942 4892 96
4942 4908 81
4942 4917 47
4942 4945 20
4942 4949 5
4942 4954 37
4942 4965 66
4942 4967 21
4942 4970 55
4942 4975 78
4942 4976 55
4942 4977 92
4942 4980 42
4942 4981 60
4942 4984 74
4942 4990 46
4944 4341 58
4944 4666 44
4944 4747 32
4944 4759 59
4944 4785 96
4944 4869 20
4944 4880 19
4944 4884 32
4944 4908 88
4944 4916 26
4944 4922 14
4944 4929 22
4944 4937 26
4944 4952 47
4944 4962 71
4944 4968 43
4944 4971 7
4944 4976 27
4944 4977 30
4944 4980 41
4944 4982 36
4944 4987 27
4944 4991 46
4944 4995 32
4944 4997 36
4945 4818 8
4945 4857 59
4945 4880 42
4945 4908 34
4945 4922 24
4945 4924 88
4945 4942 20
4945 4947 38
4945 4957 60
4945 4966 27
4945 4981 89
4945 4984 81
4945 4990 9
4945 4993 96
4945 4997 46
4947 860 48
4947 4151 46
4947 4217 78
4947 4520 27
4947 4910 49
4947 4945 38
4947 4955 15
4947 4957 61
4947 4968 36
4947 4970 47
4947 4976 50
4947 4979 91
4947 4980 37
4947 4982 32
4947 4983 9
4947 4987 9
4947 4988 55
4947 4990 8
4947 4992 10
4947 4993 60
4947 4996 6
4947 4997 47
4948 646 50
4948 4780 35
4948 4858 41
4948 4869 29
4948 4886 29
4948 4924 28
4948 4927 8
4948 4929 9
4948 4962 75
4948 4965 75
4948 4966 29
4948 4968 73
4948 4975 90
4948 4977 0
4948 4979 6
4948 4980 19
4948 4982 66
4948 4984 50
4948 4993 80
4948 4995 74
4949 4439 75
4949 4818 26
4949 4854 25
4949 4898 15
4949 4910 77
4949 4942 5
4949 4952 72
4949 4955 83
4949 4962 75
4949 4967 44
4949 4980 55
4949 4982 57
4949 4983 91
4949 4984 24
4949 4988 12
4949 4990 51
4949 4991 52
4949 4995 85
4952 4058 86
4952 4884 14
4952 4917 85
4952 4937 74
4952 4944 47
4952 4949 72
4952 4966 27
4952 4967 26
4952 4970 97
4952 4975 4
4952 4977 68
4952 4981 80
4952 4988 11
4952 4995 20
4952 4997 82
4954 4818 97
4954 4841 76
4954 4880 55
4954 4916 34
4954 4942 37
4954 4962 47
4954 4970 33
4954 4971 43
4954 4975 90
4954 4976 47
4954 4979 96
4954 4980 52
4954 4984 4
4954 4985 21
4954 4987 14
4954 4992 39
4954 4993 14
4954 4995 57
4954 4996 13
4954 4997 42
4955 4520 14
4955 4854 22
4955 4917 52
4955 4922 65
4955 4947 15
4955 4949 83
4955 4962 25
4955 4966 24
4955 4967 21
4955 4968 23
4955 4970 58
4955 4976 0
4955 4979 34
4955 4980 48
4955 4981 65
4955 4987 43
4955 4990 59
4955 4991 67
4957 4368 46
4957 4416 25
4957 4704 26
4957 4715 91
4957 4747 9
4957 4823 59
4957 4880 72
4957 4924 66
4957 4945 60
4957 4947 61
4957 4966 8
4957 4970 77
4957 4971 27
4957 4975 87
4957 4976 96
4957 4979 41
4957 4980 33
4957 4982 41
4957 4986 38
4957 4990 4
4957 4993 40
4957 4995 94
4957 4996 5
4957 4998 27
4962 2986 79
4962 4704 41
4962 4780 40
4962 4854 74
4962 4884 58
4962 4922 93
4962 4924 74
4962 4927 72
4962 4938 24
4962 4944 71
4962 4948 75
4962 4949 75
4962 4954 47
4962 4955 25
4962 4970 29
4962 4972 6
4962 4976 29
4962 4977 74
4962 4981 13
4962 4985 99
4962 4987 87
4962 4988 19
4962 4990 1
4962 4991 81
4962 4992 6
4962 4993 29
4962 4994 17
4962 4995 29
4962 4997 73
4962 4998 35
4965 4759 37
4965 4844 11
4965 4908 45
4965 4917 18
4965 4929 52
4965 4942 66
4965 4948 75
4965 4967 0
4965 4972 20
4965 4976 84
4965 4977 47
4965 4981 46
4965 4982 88
4965 4983 6
4965 4985 49
4965 4987 9
4965 4992 41
4965 4996 51
4965 4998 30
4966 2784 69
4966 4858 60
4966 4880 23
4966 4898 11
4966 4916 43
4966 4917 20
4966 4945 27
4966 4948 29
4966 4952 27
4966 4955 24
4966 4957 8
4966 4967 42
4966 4970 26
4966 4971 24
4966 4972 4
4966 4977 33
4966 4979 15
4966 4980 29
4966 4986 69
4966 4990 30
4966 4992 31
4966 4993 51
4966 4994 13
4966 4996 3
4967 3125 86
4967 4134 45
4967 4825 17
4967 4910 24
4967 4916 44
4967 4922 6
4967 4942 21
4967 4949 44
4967 4952 26
4967 4955 21
4967 4965 0
4967 4966 42
4967 4971 90
4967 4972 21
4967 4977 60
4967 4980 5
4967 4987 0
4967 4988 74
4967 4990 31
4967 4993 15
4967 4996 50
4968 4078 35
4968 4829 44
4968 4927 59
4968 4929 23
4968 4937 5
4968 4938 97
4968 4944 43
4968 4947 36
4968 4948 73
4968 4955 23
4968 4972 74
4968 4975 51
4968 4982 37
4968 4983 76
4968 4985 37
4968 4991 13
4968 4992 3
4968 4996 41
4968 4997 39
4970 4823 64
4970 4942 55
4970 4947 47
4970 4952 97
4970 4954 33
4970 4955 58
4970 4957 77
4970 4962 29
4970 4966 26
4970 4972 41
4970 4975 49
4970 4977 6
4970 4979 91
4970 4980 14
4970 4985 76
4970 4986 91
4970 4988 91
4970 4990 68
4970 4991 45
4970 4992 3
4970 4995 24
4970 4996 40
4970 4997 64
4970 4998 65
4971 2784 47
4971 4702 36
4971 4884 64
4971 4892 56
4971 4922 59
4971 4927 6
4971 4938 62
4971 4944 7
4971 4954 43
4971 4957 27
4971 4966 24
4971 4967 90
4971 4977 17
4971 4980 36
4971 4983 17
4971 4984 15
4971 4986 24
4971 4987 84
4971 4990 6
4971 4991 80
4971 4992 9
4971 4993 18
4971 4994 73
4971 4995 49
4971 4996 5
4971 4997 5
4972 4841 7
4972 4880 35
4972 4910 42
4972 4916 84
4972 4917 8
4972 4929 59
4972 4937 13
4972 4962 6
4972 4965 20
4972 4966 4
4972 4967 21
4972 4968 74
4972 4970 41
4972 4975 28
4972 4977 13
4972 4980 36
4972 4986 10
4972 4987 71
4972 4990 81
4972 4991 73
4972 4995 45
4972 4998 29
4975 4217 31
4975 4619 72
4975 4785 55
4975 4844 3
4975 4922 38
4975 4942 78
4975 4948 90
4975 4952 4
4975 4954 90
4975 4957 87
4975 4968 51
4975 4970 49
4975 4972 28
4975 4976 48
4975 4977 33
4975 4980 99
4975 4982 14
4975 4983 16
4975 4987 95
4975 4991 68
4975 4992 50
4975 4993 16
4975 4994 16
4975 4995 17
4975 4996 85
4976 2035 46
4976 4747 69
4976 4759 76
4976 4823 52
4976 4880 96
4976 4884 69
4976 4886 4
4976 4895 90
4976 4916 81
4976 4922 18
4976 4937 74
4976 4942 55
4976 4944 27
4976 4947 50
4976 4954 47
4976 4955 0
4976 4957 96
4976 4962 29
4976 4965 84
4976 4975 48
4976 4980 72
4976 4982 1
4976 4983 54
4976 4984 50
4976 4985 24
4976 4986 78
4976 4988 92
4976 4990 10
4976 4991 9
4976 4992 91
4976 4994 13
4976 4996 24
4976 4997 99
4976 4998 74
4977 4321 45
4977 4823 56
4977 4829 82
4977 4892 96
4977 4898 35
4977 4910 22
4977 4922 56
4977 4929 20
4977 4937 41
4977 4942 92
4977 4944 30
4977 4948 0
4977 4952 68
4977 4962 74
4977 4965 47
4977 4966 33
4977 4967 60
4977 4970 6
4977 4971 17
4977 4972 13
4977 4975 33
4977 4979 90
4977 4981 45
4977 4983 27
4977 4984 13
4977 4985 14
4977 4987 51
4977 4988 26
4977 4990 14
4977 4991 25
4977 4992 0
4977 4993 18
4977 4994 37
4977 4995 77
4977 4996 49
4977 4998 63
4979 4759 47
4979 4841 56
4979 4854 51
4979 4937 62
4979 4947 91
4979 4948 6
4979 4954 96
4979 4955 34
4979 4957 41
4979 4966 15
4979 4970 91
4979 4977 90
4979 4984 47
4979 4985 91
4979 4987 1
4979 4990 81
4979 4992 13
4979 4993 89
4979 4994 12
4979 4998 35
4980 4922 85
4980 4937 52
4980 4938 54
4980 4942 42
4980 4944 41
4980 4947 37
4980 4948 19
4980 4949 55
4980 4954 52
4980 4955 48
4980 4957 33
4980 4966 29
4980 4967 5
4980 4970 14
4980 4971 36
4980 4972 36
4980 4975 99
4980 4976 72
4980 4982 63
4980 4984 11
4980 4985 27
4980 4988 57
4980 4990 1
4980 4992 43
4980 4993 53
4980 4994 99
4980 4995 31
4980 4997 17
4980 4998 23
4981 2872 15
4981 3886 93
4981 4924 96
4981 4937 71
4981 4942 60
4981 4945 89
4981 4952 80
4981 4955 65
4981 4962 13
4981 4965 46
4981 4977 45
4981 4982 72
4981 4983 82
4981 4984 66
4981 4985 51
4981 4986 80
4981 4987 23
4981 4988 13
4981 4992 60
4981 4993 15
4981 4994 56
4981 4995 69
4981 4997 49
4981 4998 52
4982 4650 5
4982 4823 19
4982 4844 32
4982 4884 41
4982 4917 26
4982 4938 70
4982 4944 36
4982 4947 32
4982 4948 66
4982 4949 57
4982 4957 41
4982 4965 88
4982 4968 37
4982 4975 14
4982 4976 1
4982 4980 63
4982 4981 72
4982 4983 53
4982 4985 63
4982 4988 48
4982 4990 80
4982 4991 61
4982 4992 15
4982 4993 46
4982 4994 56
4982 4996 34
4983 4759 43
4983 4841 46
4983 4858 90
4983 4898 37
4983 4916 1
4983 4929 47
4983 4937 63
4983 4947 9
4983 4949 91
4983 4965 6
4983 4968 76
4983 4971 17
4983 4975 16
4983 4976 54
4983 4977 27
4983 4981 82
4983 4982 53
4983 4984 83
4983 4985 70
4983 4986 69
4983 4987 89
4983 4988 79
4983 4990 51
4983 4991 49
4983 4993 51
4983 4994 5
4983 4996 83
4983 4998 20
4984 4495 34
4984 4844 16
4984 4857 26
4984 4869 34
4984 4892 76
4984 4898 32
4984 4908 80
4984 4916 45
4984 4942 74
4984 4945 81
4984 4948 50
4984 4949 24
4984 4954 4
4984 4971 15
4984 4976 50
4984 4977 13
4984 4979 47
4984 4980 11
4984 4981 66
4984 4983 83
4984 4985 87
4984 4986 60
4984 4987 54
4984 4988 14
4984 4990 57
4984 4992 22
4984 4993 30
4984 4995 20
4984 4997 51
4984 4998 41
4985 3886 89
4985 4780 19
4985 4829 61
4985 4854 71
4985 4924 82
4985 4954 21
4985 4962 99
4985 4965 49
4985 4968 37
4985 4970 76
4985 4976 24
4985 4977 14
4985 4979 91
4985 4980 27
4985 4981 51
4985 4982 63
4985 4983 70
4985 4984 87
4985 4986 3
4985 4987 26
4985 4988 43
4985 4991 64
4985 4992 66
4985 4994 47
4985 4995 93
4985 4996 67
4985 4998 22
4986 4520 91
4986 4844 14
4986 4884 50
4986 4910 80
4986 4929 30
4986 4957 38
4986 4966 69
4986 4970 91
4986 4971 24
4986 4972 10
4986 4976 78
4986 4981 80
4986 4983 69
4986 4984 60
4986 4985 3
4986 4987 33
4986 4990 14
4986 4992 79
4986 4993 87
4986 4994 84
4986 4995 51
4986 4996 72
4986 4998 56
4987 4898 35
4987 4916 33
4987 4917 67
4987 4944 27
4987 4947 9
4987 4954 14
4987 4955 43
4987 4962 87
4987 4965 9
4987 4967 0
4987 4971 84
4987 4972 71
4987 4975 95
4987 4977 51
4987 4979 1
4987 4981 23
4987 4983 89
4987 4984 54
4987 4985 26
4987 4986 33
4987 4988 96
4987 4990 34
4987 4991 70
4987 4992 4
4987 4993 47
4987 4994 82
4987 4995 23
4987 4996 60
4987 4998 30
4988 4368 45
4988 4829 62
4988 4854 30
4988 4884 91
4988 4892 0
4988 4929 20
4988 4947 55
4988 4949 12
4988 4952 11
4988 4962 19
4988 4967 74
4988 4970 91
4988 4976 92
4988 4977 26
4988 4980 57
4988 4981 13
4988 4982 48
4988 4983 79
4988 4984 14
4988 4985 43
4988 4987 96
4988 4990 62
4988 4991 29
4988 4992 6
4988 4993 43
4988 4994 27
4988 4995 22
4988 4996 46
4988 4997 50
4988 4998 5
4990 2986 33
4990 4495 26
4990 4747 65
4990 4841 19
4990 4854 42
4990 4916 18
4990 4924 6
4990 4942 46
4990 4945 9
4990 4947 8
4990 4949 51
4990 4955 59
4990 4957 4
4990 4962 1
4990 4966 30
4990 4967 31
4990 4970 68
4990 4971 6
4990 4972 81
4990 4976 10
4990 4977 14
4990 4979 81
4990 4980 1
4990 4982 80
4990 4983 51
4990 4984 57
4990 4986 14
4990 4987 34
4990 4988 62
4990 4991 84
4990 4992 58
4990 4993 9
4990 4994 27
4990 4995 86
4990 4996 52
4990 4997 53
4990 4998 77
4991 4666 58
4991 4715 81
4991 4884 33
4991 4898 61
4991 4944 46
4991 4949 52
4991 4955 67
4991 4962 81
4991 4968 13
4991 4970 45
4991 4971 80
4991 4972 73
4991 4975 68
4991 4976 9
4991 4977 25
4991 4982 61
4991 4983 49
4991 4985 64
4991 4987 70
4991 4988 29
4991 4990 84
4991 4992 55
4991 4993 24
4991 4994 94
4991 4995 54
4991 4998 0
4992 2343 62
4992 4058 47
4992 4405 25
4992 4428 17
4992 4503 62
4992 4858 12
4992 4869 18
4992 4892 59
4992 4929 6
4992 4947 10
4992 4954 39
4992 4962 6
4992 4965 41
4992 4966 31
4992 4968 3
4992 4970 3
4992 4971 9
4992 4975 50
4992 4976 91
4992 4977 0
4992 4979 13
4992 4980 43
4992 4981 60
4992 4982 15
4992 4984 22
4992 4985 66
4992 4986 79
4992 4987 4
4992 4988 6
4992 4990 58
4992 4991 55
4992 4993 44
4992 4994 45
4992 4995 56
4992 4996 12
4992 4997 8
4992 4998 35
4993 4666 84
4993 4841 55
4993 4854 67
4993 4908 18
4993 4922 52
4993 4927 80
4993 4937 69
4993 4945 96
4993 4947 60
4993 4948 80
4993 4954 14
4993 4957 40
4993 4962 29
4993 4966 51
4993 4967 15
4993 4971 18
4993 4975 16
4993 4977 18
4993 4979 89
4993 4980 53
4993 4981 15
4993 4982 46
4993 4983 51
4993 4984 30
4993 4986 87
4993 4987 47
4993 4988 43
4993 4990 9
4993 4991 24
4993 4992 44
4993 4994 87
4993 4995 55
4993 4996 11
4993 4997 73
4993 4998 85
4994 4759 68
4994 4886 62
4994 4937 88
4994 4938 86
4994 4962 17
4994 4966 13
4994 4971 73
4994 4975 16
4994 4976 13
4994 4977 37
4994 4979 12
4994 4980 99
4994 4981 56
4994 4982 56
4994 4983 5
4994 4985 47
4994 4986 84
4994 4987 82
4994 4988 27
4994 4990 27
4994 4991 94
4994 4992 45
4994 4993 87
4994 4995 63
4994 4996 86
4994 4997 41
4994 4998 3
4995 4704 67
4995 4841 82
4995 4844 47
4995 4858 51
4995 4869 34
4995 4884 86
4995 4922 19
4995 4929 38
4995 4938 93
4995 4944 32
4995 4948 74
4995 4949 85
4995 4952 20
4995 4954 57
4995 4957 94
4995 4962 29
4995 4970 24
4995 4971 49
4995 4972 45
4995 4975 17
4995 4977 77
4995 4980 31
4995 4981 69
4995 4984 20
4995 4985 93
4995 4986 51
4995 4987 23
4995 4988 22
4995 4990 86
4995 4991 54
4995 4992 56
4995 4993 55
4995 4994 63
4995 4996 52
4995 4997 58
4995 4998 75
4996 3138 15
4996 4781 56
4996 4818 21
4996 4841 38
4996 4857 6
4996 4886 46
4996 4910 9
4996 4922 19
4996 4937 5
4996 4947 6
4996 4954 13
4996 4957 5
4996 4965 51
4996 4966 3
4996 4967 50
4996 4968 41
4996 4970 40
4996 4971 5
4996 4975 85
4996 4976 24
4996 4977 49
4996 4982 34
4996 4983 83
4996 4985 67
4996 4986 72
4996 4987 60
4996 4988 46
4996 4990 52
4996 4992 12
4996 4993 11
4996 4994 86
4996 4995 52
4996 4997 33
4996 4998 31
4997 4780 82
4997 4857 20
4997 4884 81
4997 4892 20
4997 4908 72
4997 4917 81
4997 4922 30
4997 4927 53
4997 4938 89
4997 4944 36
4997 4945 46
4997 4947 47
4997 4952 82
4997 4954 42
4997 4962 73
4997 4968 39
4997 4970 64
4997 4971 5
4997 4976 99
4997 4980 17
4997 4981 49
4997 4984 51
4997 4988 50
4997 4990 53
4997 4992 8
4997 4993 73
4997 4994 41
4997 4995 58
4997 4996 33
4997 4998 60
4998 4747 53
4998 4781 27
4998 4895 12
4998 4898 41
4998 4927 49
4998 4957 27
4998 4962 35
4998 4965 30
4998 4970 65
4998 4972 29
4998 4976 74
4998 4977 63
4998 4979 35
4998 4980 23
4998 4981 52
4998 4983 20
4998 4984 41
4998 4985 22
4998 4986 56
4998 4987 30
4998 4988 5
4998 4990 77
4998 4991 0
4998 4992 35
4998 4993 85
4998 4994 3
4998 4995 75
4998 4996 31
4998 4997 60
