+----------+---------------------+---------------------+---------------------+---------------------+
|          |       1 thread      |      2 threads      |      3 threads      |      4 threads      |
+----------+----------+----------+----------+----------+----------+----------+----------+----------+
| requests |  coarse  |   fine   |  coarse  |   fine   |  coarse  |   fine   |  coarse  |   fine   |
+----------+----------+----------+----------+----------+----------+----------+----------+----------+
|    10    |     6    |     6    |    25    |    20    |    37    |    30    |    48    |    31    |
+----------+----------+----------+----------+----------+----------+----------+----------+----------+
|    30    |     6    |     6    |    34    |    13    |    45    |    19    |    39    |    31    |
+----------+----------+----------+----------+----------+----------+----------+----------+----------+
|    100   |     6    |     7    |    12    |    20    |    24    |    29    |    48    |    51    |
+----------+----------+----------+----------+----------+----------+----------+----------+----------+
|    275   |     8    |    10    |    15    |    20    |    48    |    22    |    42    |    44    |
+----------+----------+----------+----------+----------+----------+----------+----------+----------+
|    800   |     9    |    21    |    19    |    23    |    24    |    34    |    40    |    46    |
+----------+----------+----------+----------+----------+----------+----------+----------+----------+
|   2500   |    11    |    58    |    31    |    46    |    44    |    66    |    40    |    58    |
+----------+----------+----------+----------+----------+----------+----------+----------+----------+
|   7000   |    20    |    160   |    85    |    105   |    75    |    107   |    69    |    107   |
+----------+----------+----------+----------+----------+----------+----------+----------+----------+
|   22000  |    51    |    581   |    178   |    330   |    194   |    302   |    195   |    300   |
+----------+----------+----------+----------+----------+----------+----------+----------+----------+
|   65000  |    139   |   1890   |    538   |   1033   |    502   |    935   |    588   |    957   |
+----------+----------+----------+----------+----------+----------+----------+----------+----------+
|  200000  |    463   |   6425   |   1795   |   3535   |   1743   |   3176   |   1775   |   3086   |
+----------+----------+----------+----------+----------+----------+----------+----------+----------+
|  600000  |   1475   |   20564  |   5469   |   10931  |   5061   |   10192  |   5183   |   9401   |
+----------+----------+----------+----------+----------+----------+----------+----------+----------+
|  2000000 |   4790   |   69147  |   17903  |   38903  |   16200  |   35816  |   18316  |   32213  |
+----------+----------+----------+----------+----------+----------+----------+----------+----------+
|  5000000 |   11841  |  166341  |   47135  |   98801  |   41047  |   87421  |   44219  |   80033  |
+----------+----------+----------+----------+----------+----------+----------+----------+----------+
| 10000000 |   23764‬  |  339369  |   94245  |  193554  |   81643  |  173304  |   88674  |  159209  |
+----------+----------+----------+----------+----------+----------+----------+----------+----------+
