32 35 16 32 47 32 63 32 52 40 32 42 32 36 32 47 32 33 32 42 38 32 41 61 32 32 45 32 48 61 32 32 49 35 37 32 50 32 72 35 32 32 61 32 40 32 32 36 58 35 35 32 33 34 32 32 41 32 73 32 32 32 58 32 44 46 37 37 47 35 32 59 48 48 36 32 56 88 40 40 33 32 32 54 35 67 35 55 32 44 43 32 34 67 32 38 32 32 40 32 26 37 32 33 50 41 35 32 32 50 42 35 32 61 56 49 32 58 32 48 50 49 32 32 34 32 32 54 49 41 32 32 49 32 32 37 62 35 32 32 32 45 32 32 32 32 88 76 32 
75 6 71 75 14 24 73 43 70 63 54 53 49 41 21 57 46 43 52 64 46 26 20 81 32 32 36 29 57 64 48 60 70 43 47 20 49 54 91 34 56 31 40 55 48 47 57 27 31 66 45 29 33 44 75 51 55 67 87 45 59 68 72 53 23 44 56 34 36 10 47 43 36 60 57 55 56 86 51 22 30 62 53 53 46 38 50 76 30 62 47 37 45 58 75 20 75 46 35 35 81 50 36 76 50 49 48 63 69 64 53 43 46 40 68 40 46 71 3 58 70 38 40 56 57 43 32 45 47 40 52 35 63 54 13 37 59 57 53 57 54 34 73 41 75 75 53 76 44 
16 19 20 16 31 16 47 28 36 24 16 26 16 20 16 31 16 17 16 26 22 16 25 45 16 16 29 16 32 45 16 16 33 19 21 16 34 16 56 19 16 16 45 16 24 16 16 20 42 19 19 16 17 18 16 16 25 16 57 16 16 16 42 16 28 30 21 21 31 19 16 43 32 32 20 16 40 72 24 24 17 16 16 38 19 51 19 39 16 28 27 16 18 51 16 22 16 16 24 16 10 21 16 17 34 25 19 16 16 34 38 19 16 45 40 33 16 42 16 32 34 33 16 16 18 16 16 38 33 25 16 16 33 16 16 21 46 19 16 16 16 29 16 16 16 16 72 60 16 
102 82 100 52 73 61 89 75 111 55 48 41 102 46 75 63 75 76 58 58 74 84 67 58 71 79 92 76 74 75 49 74 65 49 73 65 51 91 101 67 58 51 87 61 47 52 53 55 79 41 71 58 72 70 68 70 48 88 69 42 82 38 98 52 70 68 26 61 87 72 39 66 57 71 27 102 92 99 47 84 57 71 48 71 72 81 36 82 67 91 65 64 71 113 102 82 102 72 61 91 93 56 95 73 89 78 42 68 92 52 85 42 39 87 74 68 52 65 79 64 47 82 69 58 51 69 65 101 60 42 78 97 56 31 69 60 88 28 59 96 60 78 102 61 74 80 111 99 75 
73 14 57 73 12 38 59 57 56 51 48 48 59 27 25 54 32 29 51 50 45 40 6 71 24 18 46 15 43 55 34 54 57 42 44 34 40 51 77 48 42 22 26 54 37 33 43 26 17 59 31 15 25 30 64 37 50 73 82 31 70 59 58 48 9 30 47 20 40 24 34 56 50 46 46 69 48 72 49 36 16 51 40 39 49 24 37 70 16 75 33 45 49 68 67 34 69 32 39 49 67 49 22 66 42 35 44 49 73 56 61 38 41 26 54 39 45 67 17 44 60 41 26 46 45 47 18 55 33 31 49 49 58 48 27 23 45 45 52 49 40 37 59 27 67 73 67 62 30 
68 24 52 61 38 8 84 60 88 40 31 29 68 30 45 59 59 59 65 41 50 50 41 65 56 29 60 32 81 66 56 68 63 56 49 4 60 68 94 51 46 55 61 68 52 36 36 51 55 42 48 42 57 49 53 54 31 51 63 26 68 45 77 29 44 43 35 45 60 34 23 67 20 61 34 68 80 92 30 46 41 54 47 54 44 62 26 70 51 80 40 48 39 82 68 44 68 51 49 59 62 63 60 58 74 62 25 68 68 47 70 19 22 61 71 54 59 48 27 47 54 62 53 67 34 41 53 69 53 51 54 59 39 30 37 58 72 33 47 68 44 58 68 60 59 57 77 80 58 
102 73 86 89 59 84 62 84 99 83 77 75 102 54 77 91 61 88 81 87 82 93 65 95 83 77 97 74 97 98 77 79 101 72 81 86 56 84 110 75 92 56 85 70 76 60 82 60 60 78 84 44 84 85 96 78 77 102 109 58 55 75 107 75 68 73 63 39 92 77 61 95 94 99 64 82 107 122 76 89 43 81 85 66 76 83 64 105 75 77 76 72 75 104 102 87 102 87 65 96 96 65 81 101 101 64 71 73 65 89 88 65 68 85 99 73 75 94 76 93 84 68 55 31 80 73 77 106 83 47 86 102 85 68 74 82 74 65 82 102 90 64 102 86 102 102 115 92 89 
32 35 48 32 47 32 63 18 52 40 32 42 32 30 32 35 32 33 32 42 24 32 41 61 32 32 45 32 48 61 26 32 49 35 25 32 47 32 72 9 32 32 61 32 40 24 32 36 53 35 29 32 33 30 32 32 41 32 73 32 32 32 58 32 44 40 37 37 47 35 32 59 48 48 36 32 56 88 40 40 33 32 32 54 30 67 35 55 32 44 37 12 34 67 32 38 32 32 40 32 58 37 32 33 50 41 35 32 32 48 10 35 32 61 56 49 32 58 32 48 50 38 32 32 34 32 32 54 49 41 30 32 49 32 32 37 62 35 32 32 32 34 32 32 32 32 88 76 32 
92 70 108 92 56 92 99 60 40 73 70 85 92 83 56 85 88 85 87 80 79 92 62 80 45 74 85 71 99 57 67 87 94 79 80 90 93 83 109 69 67 78 82 91 74 84 65 76 39 84 63 71 44 64 86 67 81 92 113 82 92 87 92 85 65 52 85 76 71 80 79 93 99 102 84 92 67 101 79 92 72 84 77 87 81 80 82 69 53 94 55 72 80 103 92 90 91 66 70 92 118 86 78 88 61 91 75 82 92 75 50 75 72 82 101 63 82 98 73 97 69 73 82 68 67 78 51 94 62 84 85 92 89 80 83 56 101 83 80 20 65 69 92 64 89 92 123 95 86 
81 63 81 55 51 40 83 52 73 12 9 31 63 29 60 42 58 47 55 19 33 69 51 59 49 63 54 60 71 26 50 64 55 50 32 44 52 48 74 48 36 48 71 62 46 35 8 44 34 43 28 41 50 29 13 38 27 67 59 25 81 40 57 31 54 23 29 44 70 53 22 65 52 54 28 61 73 72 20 65 40 26 43 26 37 75 19 77 41 86 20 45 42 68 81 63 81 31 48 72 91 57 73 18 55 61 15 43 81 49 62 21 18 62 69 34 49 38 60 43 48 54 52 59 6 40 43 63 33 43 27 53 35 26 50 48 71 27 54 63 34 58 81 52 19 55 98 87 46 
72 54 77 48 48 31 77 53 70 9 6 22 71 23 57 51 52 46 52 10 41 60 50 52 48 60 63 59 68 35 43 61 46 43 41 35 47 45 71 44 27 39 63 55 39 29 5 35 31 35 25 35 49 26 22 35 18 58 50 19 72 34 54 22 53 20 22 38 64 44 16 58 43 54 21 64 71 69 11 56 34 23 34 23 46 67 19 68 40 77 17 41 51 65 72 54 72 28 43 63 87 50 70 27 52 55 6 49 72 40 63 12 9 70 60 31 46 29 51 34 41 59 46 54 3 49 42 72 30 38 36 50 26 17 41 47 65 20 45 70 25 55 72 47 28 50 105 82 45 
70 53 75 41 48 29 75 51 85 31 22 20 70 21 64 50 50 50 45 32 51 70 54 45 58 58 74 61 61 57 36 63 52 36 52 33 40 62 88 42 37 40 65 48 32 27 27 44 50 30 42 33 59 43 44 45 22 67 54 17 70 27 71 20 57 37 15 36 62 54 14 51 36 52 14 70 81 86 21 66 32 45 35 45 57 60 17 69 53 78 34 39 55 82 70 64 70 45 50 70 82 43 70 49 69 53 16 57 70 38 61 10 13 74 61 48 39 39 56 38 34 57 44 47 25 57 52 83 47 31 57 70 30 10 51 47 63 13 46 70 35 53 70 48 50 48 100 81 49 
86 49 96 86 59 73 110 54 98 63 71 81 26 60 61 41 71 46 68 65 30 55 53 68 67 65 13 62 79 41 77 50 100 65 31 69 72 66 92 45 57 54 33 74 70 54 70 50 70 74 46 72 68 45 76 72 77 86 115 64 86 77 73 81 56 57 78 73 55 39 67 72 60 61 77 84 85 106 69 51 71 86 83 88 36 83 70 98 59 88 54 42 41 35 74 49 86 47 47 58 106 72 81 81 71 56 71 86 86 84 64 71 74 71 86 63 62 90 46 61 57 75 65 79 68 39 61 22 67 63 36 64 84 81 36 66 82 78 75 78 55 71 86 70 82 86 102 105 45 
62 41 54 46 27 30 54 30 82 29 23 21 60 8 45 41 29 46 39 33 30 62 33 50 51 45 73 42 55 55 41 62 56 36 31 34 45 52 88 21 38 45 53 48 37 6 28 46 44 34 43 12 52 44 42 24 23 62 55 4 62 32 72 21 36 38 20 15 49 51 7 56 47 45 19 62 75 87 22 63 11 46 39 34 36 51 10 69 43 72 35 18 41 72 62 61 62 46 41 62 64 43 49 47 69 32 17 62 62 39 40 11 14 53 57 49 33 40 44 39 39 36 23 52 26 39 45 82 48 36 36 62 31 21 52 50 42 18 46 62 36 32 62 52 48 49 83 60 45 
79 21 66 75 25 45 77 47 56 60 57 64 61 45 22 40 52 38 54 47 31 47 19 67 11 31 57 28 68 71 33 53 60 45 30 41 42 33 80 46 45 35 37 57 40 51 58 39 42 62 34 35 12 33 73 44 59 74 100 49 73 61 61 61 16 45 49 38 15 31 52 59 43 55 50 52 35 75 57 43 34 50 43 57 25 49 55 78 19 62 42 43 24 79 78 41 79 35 14 56 76 52 47 78 29 55 62 48 74 43 37 56 59 33 67 52 48 85 24 53 56 17 46 49 56 22 17 66 36 33 35 56 76 54 34 22 65 51 55 36 43 13 66 30 79 79 74 61 39 
67 57 81 63 54 59 91 35 85 42 51 50 41 41 40 20 67 25 34 46 11 67 48 27 48 44 54 47 50 60 58 67 74 34 10 55 54 47 73 26 38 54 68 46 29 35 50 58 51 52 27 53 49 26 55 53 56 67 89 45 67 49 54 61 51 38 37 52 55 67 48 48 39 40 36 66 72 87 50 73 52 66 57 68 15 69 45 67 40 76 35 23 20 76 67 71 67 28 26 67 81 41 67 60 52 71 51 67 67 61 45 51 48 50 61 49 37 49 60 40 16 36 62 61 48 18 42 63 48 45 15 67 63 40 67 47 62 37 44 67 36 40 67 51 61 67 110 86 24 
41 44 25 41 32 41 61 50 61 49 41 50 41 29 41 56 12 42 41 51 47 41 38 70 41 41 54 41 57 66 41 41 58 40 46 41 59 41 81 44 41 41 58 41 45 35 41 45 49 44 44 17 42 43 41 41 50 41 82 33 41 41 67 41 41 55 46 22 56 44 36 64 57 57 45 41 65 97 49 49 18 41 41 41 44 56 39 64 41 53 52 41 43 55 41 47 41 41 48 41 35 46 41 42 59 15 44 41 41 59 60 40 41 58 54 58 37 67 41 57 59 43 6 41 43 41 41 63 58 50 41 41 58 41 41 46 41 44 41 41 41 39 41 41 41 41 66 67 41 
72 43 78 72 29 59 88 40 85 47 46 50 46 46 38 25 61 2 59 51 16 69 23 52 41 35 59 32 44 73 51 71 64 57 15 60 57 45 78 31 43 39 43 60 54 40 51 43 46 60 32 44 42 31 60 54 31 72 78 47 72 62 59 50 26 43 50 49 53 53 44 73 44 17 49 64 65 89 45 65 45 68 47 53 20 53 47 90 33 84 40 28 25 81 72 63 72 33 31 72 88 64 51 51 57 64 40 66 72 68 49 40 37 43 71 54 60 63 46 15 41 29 55 64 49 23 35 68 50 48 20 72 38 45 56 40 74 48 67 66 41 25 72 35 52 72 96 79 1 
77 52 68 58 51 65 81 69 87 55 52 45 68 39 54 34 43 59 12 62 45 56 45 29 43 57 63 54 16 35 53 73 69 9 44 69 57 63 61 60 52 57 65 21 14 45 51 61 51 47 43 46 44 44 68 39 52 77 84 43 67 44 72 56 48 38 32 49 69 56 43 33 61 43 31 77 67 87 51 58 47 51 52 63 49 35 40 42 35 45 35 57 54 60 77 56 77 46 60 77 78 16 73 61 61 46 46 68 57 56 79 46 43 65 30 49 6 69 49 58 18 70 37 50 49 52 37 72 48 48 46 77 35 35 59 42 72 32 19 68 50 67 77 46 60 77 97 81 58 
80 64 87 58 50 41 87 48 80 19 10 32 65 33 47 46 62 51 62 20 35 70 44 61 42 56 73 53 78 45 52 71 36 53 36 45 57 39 65 50 32 49 53 65 49 39 15 45 41 45 19 45 43 20 32 45 28 63 60 29 72 44 48 32 47 30 32 48 62 54 26 68 53 64 31 58 66 79 21 66 44 33 44 33 41 74 29 78 34 86 27 47 43 75 80 64 80 22 33 73 97 60 72 37 46 65 16 59 80 50 58 22 19 64 70 41 56 39 61 44 50 63 56 64 13 41 36 82 40 48 41 60 36 27 51 41 72 30 55 67 30 59 80 45 38 60 115 80 50 
56 46 72 56 45 50 82 24 76 33 41 51 30 30 31 11 56 16 45 35 2 56 39 38 37 51 43 48 58 59 47 56 70 43 1 46 45 36 62 15 27 45 59 44 40 24 40 49 40 44 16 42 38 15 46 42 47 56 85 34 56 47 43 51 42 27 48 43 46 56 37 59 30 31 47 55 61 76 39 64 41 56 53 58 6 69 40 76 29 68 24 12 11 65 56 62 56 17 17 56 82 49 56 51 41 62 44 56 56 54 34 41 44 41 70 38 46 60 49 31 27 45 53 52 38 9 31 52 37 36 6 56 54 51 56 36 72 48 53 56 25 41 56 40 52 56 99 75 15 
101 26 97 84 40 50 93 69 96 69 60 70 55 67 47 71 72 69 56 70 71 12 46 85 58 58 42 55 72 70 74 66 96 47 70 46 55 60 99 60 73 37 62 59 42 73 65 33 57 77 68 55 59 69 82 67 66 93 98 67 58 74 88 70 49 57 62 60 62 16 64 29 62 86 62 41 42 90 57 8 56 68 79 79 65 64 67 80 56 36 60 63 70 58 101 6 92 71 61 41 107 54 62 84 76 75 54 72 48 87 79 60 57 66 74 46 50 77 23 82 74 64 66 62 63 68 58 51 67 46 75 41 74 64 19 63 85 61 57 83 71 60 99 67 83 98 79 102 70 
79 20 63 67 6 41 65 54 62 51 50 54 53 33 19 48 38 23 45 44 39 46 6 65 18 12 40 9 49 61 28 48 51 36 38 37 34 45 71 54 36 16 20 48 31 39 49 20 23 53 25 21 19 24 64 31 50 67 88 37 65 53 52 54 3 36 41 26 34 30 40 50 53 40 42 64 42 66 44 42 22 45 34 45 43 30 43 69 10 69 33 51 43 62 61 40 75 26 33 55 73 43 28 68 36 41 49 43 75 50 56 44 47 20 48 33 39 72 23 38 54 36 32 41 47 41 12 49 27 25 43 55 61 46 33 17 51 43 46 43 34 32 53 21 69 74 73 56 24 
70 73 76 58 71 65 95 62 80 59 52 45 68 50 67 27 70 52 29 61 38 70 65 22 63 70 81 70 45 64 53 70 69 38 37 69 57 62 88 53 53 57 85 50 43 56 57 61 66 47 42 62 64 41 70 68 52 70 84 46 70 44 65 56 68 53 32 65 82 73 43 62 61 67 31 70 87 102 51 78 61 70 52 75 42 64 40 71 55 74 50 50 47 89 70 76 70 39 53 70 86 45 70 71 67 75 46 70 70 56 72 46 43 77 59 64 35 69 70 67 11 63 66 64 55 45 57 90 63 48 42 70 60 35 70 62 89 32 48 70 51 67 70 65 70 70 117 99 51 
80 32 77 71 24 56 83 48 45 49 48 58 67 51 11 48 56 41 43 42 37 58 18 63 2 30 58 27 59 60 22 42 49 34 38 52 52 43 69 52 34 34 38 46 29 57 47 38 41 51 23 39 1 22 62 49 48 65 95 55 73 54 50 50 21 34 45 44 26 42 56 48 54 58 44 62 24 64 46 54 40 39 32 63 36 48 53 67 8 51 31 49 35 79 79 52 80 24 25 67 87 41 46 67 18 59 51 37 63 32 48 55 54 38 58 45 37 74 35 56 52 28 50 59 45 33 6 67 25 43 43 66 66 48 45 11 69 45 44 25 32 24 71 19 68 78 85 50 42 
91 32 75 79 18 29 77 66 74 63 60 58 65 45 31 44 50 35 57 56 51 58 12 71 30 6 52 3 61 73 40 60 63 48 50 25 46 57 83 66 48 28 32 60 43 51 61 32 35 65 37 33 31 36 53 43 60 72 92 49 77 65 64 58 15 48 53 38 46 42 52 62 41 52 54 76 54 78 56 54 34 57 46 57 55 42 55 81 22 81 45 63 55 74 73 52 87 38 45 67 85 55 40 80 48 53 54 55 87 62 68 48 51 32 42 45 51 77 35 50 60 48 44 53 59 53 24 61 39 37 55 67 68 58 45 29 63 55 58 55 46 44 65 33 81 62 85 68 36 
99 36 102 92 46 60 97 67 85 54 63 74 13 73 57 54 77 59 63 73 43 42 40 81 58 52 18 49 66 28 68 37 91 54 44 56 59 79 105 58 70 41 20 66 59 67 62 37 63 81 59 61 59 58 67 71 70 99 102 71 75 78 86 74 43 61 66 66 42 26 68 59 72 74 67 71 72 106 61 38 62 78 74 80 49 70 71 87 50 75 64 55 54 22 61 36 96 60 60 45 112 61 68 72 76 69 58 76 85 90 77 64 61 60 81 50 57 81 33 74 70 74 71 66 60 52 52 9 67 50 49 51 78 69 23 57 91 68 64 65 68 70 93 61 73 99 89 96 58 
88 29 72 76 15 32 74 63 71 60 59 61 62 42 28 47 47 32 54 53 48 55 9 74 27 3 49 6 58 70 37 57 60 45 47 28 43 54 80 63 45 25 29 57 40 48 58 29 32 62 34 30 28 33 56 40 59 75 95 46 74 62 61 61 12 45 50 35 43 39 49 59 44 49 51 73 51 75 53 51 31 54 43 54 52 39 52 78 19 78 42 60 52 71 70 49 84 35 42 64 82 52 37 77 45 50 57 52 84 59 65 51 54 29 39 42 48 80 32 47 63 45 41 50 56 50 21 58 36 34 52 64 70 55 42 26 60 52 55 52 43 41 62 30 78 65 82 65 33 
93 57 84 74 43 81 97 82 99 71 68 61 79 55 68 50 59 44 16 78 58 72 49 45 59 61 66 58 32 51 69 89 57 25 57 77 69 79 77 73 68 65 69 37 30 61 67 69 60 63 59 58 60 60 84 55 68 93 100 59 75 60 88 72 52 54 48 63 83 67 59 49 77 27 47 93 83 103 67 74 59 67 68 79 62 19 56 58 51 53 51 70 67 44 93 72 93 62 73 92 94 32 65 77 77 62 62 84 65 72 92 62 59 69 46 65 22 85 60 59 34 73 53 66 65 65 53 57 64 64 62 74 51 51 70 58 88 48 35 84 66 69 93 62 76 93 110 97 43 
103 64 87 75 55 66 98 78 57 26 35 57 41 55 71 60 66 73 35 45 59 70 61 64 60 73 28 70 51 52 70 65 81 26 58 70 74 74 78 74 62 69 48 38 31 61 34 65 60 64 54 63 61 55 39 56 53 93 85 51 90 61 83 57 64 49 49 66 70 54 48 50 78 78 48 87 84 98 46 66 64 52 67 52 63 70 45 59 52 68 46 71 68 49 89 64 103 57 74 73 97 33 77 44 78 69 41 69 80 73 88 47 44 81 53 60 29 64 61 69 53 80 60 67 32 66 54 37 59 65 53 79 58 52 51 59 93 49 36 37 60 84 103 63 45 81 117 98 72 
58 48 74 49 34 56 77 26 67 50 43 36 58 41 33 58 58 51 53 52 47 58 28 53 22 40 68 37 69 70 22 52 59 44 48 58 39 53 79 35 44 39 48 56 39 47 48 43 51 38 33 49 23 32 58 58 43 58 75 37 58 35 60 47 31 44 23 54 48 58 34 58 52 66 22 58 46 74 42 66 50 49 42 66 53 58 31 77 18 70 41 38 53 89 58 64 58 34 47 58 84 51 56 59 40 67 37 37 58 47 36 37 34 48 68 55 47 60 51 59 42 50 58 46 46 51 16 77 35 30 53 58 51 26 57 11 79 23 54 47 42 46 58 29 58 58 101 50 52 
102 60 111 74 54 83 79 70 87 64 61 63 50 68 53 77 86 71 73 71 67 66 48 80 42 60 37 57 89 65 52 46 79 64 67 80 23 73 99 79 64 41 57 76 59 74 56 45 71 63 53 69 43 52 77 79 70 95 102 64 72 60 80 74 51 64 48 74 68 50 61 78 79 88 49 92 66 94 69 62 70 69 62 78 62 78 58 97 38 93 61 79 61 59 98 60 102 54 51 25 115 71 76 82 60 89 64 58 82 74 80 64 61 68 88 58 67 87 57 86 69 70 80 48 58 59 36 46 55 32 72 75 78 53 47 41 99 50 74 67 62 66 101 49 83 102 113 80 72 
57 60 73 57 57 57 88 68 77 55 46 52 57 56 57 72 57 58 57 36 63 57 51 69 49 57 70 57 57 81 57 57 34 60 62 57 64 57 97 59 57 57 71 57 58 57 51 61 62 54 55 57 50 55 57 57 33 57 65 52 57 51 83 38 54 49 39 62 72 60 49 77 43 73 38 57 73 97 50 65 58 57 17 69 60 76 47 80 41 69 52 57 59 92 57 63 57 57 65 57 83 62 57 58 67 62 45 57 57 20 78 45 42 71 43 60 57 68 57 49 58 74 57 57 49 57 43 79 58 55 57 57 59 42 57 48 36 39 57 57 57 70 57 30 57 57 113 87 57 
77 43 61 49 42 56 72 66 79 50 43 36 65 36 45 34 40 57 9 53 43 47 36 38 34 48 54 45 25 26 44 64 60 6 42 60 48 60 52 57 49 48 56 12 5 42 48 52 48 38 40 37 35 40 63 30 43 77 75 37 64 35 68 47 39 35 23 40 60 47 34 24 52 52 22 77 58 82 42 49 38 42 43 60 47 44 31 33 26 42 32 54 52 69 77 47 77 42 58 72 71 7 64 52 52 43 37 59 54 47 76 37 34 56 27 46 3 60 40 55 27 62 34 41 46 50 28 63 43 39 37 69 32 26 50 33 67 23 10 59 47 58 77 37 51 75 94 72 56 
57 47 73 57 44 49 81 25 77 32 41 52 31 31 30 10 57 15 44 36 1 57 38 37 38 50 44 47 57 58 48 57 71 42 2 45 44 37 63 16 28 44 58 45 39 25 40 48 41 45 17 43 39 16 45 43 46 57 86 35 57 48 44 52 41 28 47 42 45 57 38 58 29 30 46 56 62 77 40 65 42 57 54 58 5 68 41 75 30 69 25 13 10 66 57 63 57 18 16 57 83 49 57 50 42 61 45 57 57 55 35 42 45 40 69 39 45 59 50 30 26 44 52 51 38 8 32 53 38 35 5 57 53 50 57 37 72 47 52 57 26 40 57 41 51 57 100 76 14 
72 20 56 65 34 4 86 63 90 44 35 33 69 34 41 55 61 60 69 45 46 46 37 69 52 25 56 28 77 70 60 72 59 60 45 8 64 64 90 54 50 51 57 72 56 40 40 47 51 46 44 44 53 45 57 54 35 47 67 30 72 49 73 33 40 39 39 47 56 30 27 63 16 59 38 72 76 88 34 42 43 58 51 58 40 58 30 74 47 82 36 52 35 78 72 40 72 47 45 55 66 67 56 62 70 64 29 72 72 45 73 23 26 57 67 50 63 52 23 51 58 58 55 71 38 37 49 65 49 55 50 55 43 34 33 54 74 37 51 72 48 54 72 58 63 61 73 84 59 
79 49 95 51 40 60 56 47 93 52 47 40 72 45 42 54 72 57 57 57 45 55 34 57 52 46 59 43 69 74 39 23 64 48 44 64 18 75 98 56 57 18 54 60 46 51 52 22 54 40 57 55 53 58 65 61 47 79 79 41 49 37 69 51 37 46 25 54 57 39 38 65 56 70 26 79 76 95 46 49 56 61 47 70 39 64 35 81 44 71 49 57 38 81 79 49 79 60 28 48 92 55 62 70 65 75 41 35 59 51 57 41 38 54 73 35 51 64 46 63 46 59 66 25 50 36 46 68 56 9 49 64 55 30 36 50 85 27 58 77 59 55 79 55 71 79 102 89 58 
81 54 73 81 51 68 84 49 83 48 45 62 66 52 33 47 59 45 63 39 36 60 45 62 43 57 79 54 79 74 53 73 75 60 37 64 75 38 66 51 33 59 65 68 56 58 44 55 44 50 20 42 44 21 61 46 62 64 94 56 73 53 49 62 48 31 65 45 48 64 56 75 66 62 65 19 67 80 45 56 41 62 59 62 42 75 59 92 35 93 28 48 47 76 81 54 81 23 47 81 83 63 73 66 47 62 50 68 81 75 44 52 53 65 81 42 57 73 57 60 51 24 53 73 42 45 37 88 41 66 42 81 70 61 67 42 72 64 70 68 31 20 81 46 67 81 107 81 46 
107 91 113 101 77 94 110 75 109 74 71 88 92 88 80 73 92 78 61 65 62 99 71 88 69 83 105 80 77 78 79 99 101 52 63 90 98 66 80 77 59 85 91 40 57 86 70 81 70 76 46 80 70 47 87 72 88 90 120 85 99 79 75 88 74 57 75 83 95 98 82 76 79 93 74 85 93 106 71 101 79 88 85 88 65 96 83 85 61 94 54 74 60 102 107 99 107 49 70 107 123 45 99 90 73 89 76 94 106 99 85 78 79 91 79 68 55 91 92 93 77 90 86 79 68 62 63 114 67 89 68 107 84 78 95 68 110 75 62 94 57 86 73 72 89 107 140 60 77 
41 34 57 41 48 41 72 9 61 48 41 42 41 21 41 26 41 31 41 50 15 41 50 53 41 41 54 41 57 70 35 41 58 44 16 41 56 41 77 6 41 41 70 41 49 15 41 45 55 36 31 33 42 30 41 33 44 41 76 25 41 39 58 41 53 42 41 36 56 44 28 68 45 46 40 41 59 91 43 49 32 41 41 50 21 72 31 64 41 53 39 3 26 76 41 47 41 32 32 41 67 46 41 42 56 50 38 41 41 39 19 32 35 56 65 53 41 61 37 46 42 47 41 41 43 24 41 63 52 50 21 41 52 41 41 46 63 39 41 41 40 43 41 41 41 41 87 81 30 
74 56 79 58 42 46 92 42 67 36 27 37 57 38 45 38 67 43 52 32 27 73 36 53 34 48 70 45 68 62 44 64 66 49 28 50 57 33 59 42 4 44 56 59 47 44 32 40 37 17 13 50 35 12 49 39 33 35 65 34 64 20 40 37 39 24 32 53 60 57 31 66 57 58 33 52 58 73 16 69 49 50 49 50 33 66 34 82 26 85 21 39 38 69 74 67 74 14 44 74 69 54 64 54 38 70 21 59 74 55 52 27 24 56 70 35 46 44 59 49 42 57 61 64 30 36 28 79 34 48 33 74 41 32 54 33 70 34 59 47 2 53 74 37 55 65 87 72 42 
95 31 79 51 22 55 56 65 78 48 39 40 54 45 35 54 54 39 57 49 45 37 16 57 34 28 41 25 65 69 39 41 64 48 44 51 18 59 85 60 44 8 36 60 46 51 44 4 39 40 39 37 35 40 61 43 45 75 77 41 49 37 51 49 19 28 25 42 50 21 38 54 56 56 26 66 58 77 28 33 38 61 47 61 39 46 35 67 26 71 31 57 38 63 77 31 91 42 28 40 89 55 44 55 52 57 33 35 59 51 72 39 36 36 64 17 51 56 28 54 46 52 48 25 42 36 28 50 38 9 49 46 53 30 18 33 67 27 58 59 42 48 69 37 54 77 84 72 40 
99 40 83 87 26 61 85 74 82 71 63 65 33 53 37 68 58 43 65 53 59 62 20 85 38 32 20 29 69 48 48 57 71 56 58 57 54 65 91 74 56 36 40 68 51 59 68 40 43 73 45 41 39 44 84 51 70 87 108 57 85 73 72 74 23 56 61 46 22 46 60 70 73 60 62 84 62 86 64 58 42 65 54 65 62 50 63 89 30 89 53 71 61 42 41 56 95 46 51 65 93 63 48 88 56 61 69 63 95 70 74 64 67 40 68 53 59 92 43 58 74 54 52 61 66 59 32 29 47 45 63 71 81 66 43 37 71 63 66 63 54 50 73 41 89 94 93 76 44 
89 55 73 61 54 68 70 68 91 62 55 48 74 48 57 46 52 60 21 65 44 59 48 50 46 60 66 57 37 38 56 76 72 12 45 72 60 68 40 59 59 60 68 10 17 54 60 64 60 50 48 40 47 47 75 42 55 89 87 49 63 47 75 59 51 47 35 43 72 59 46 36 64 64 34 87 70 94 54 61 39 54 55 62 50 56 43 45 38 54 44 56 55 68 89 59 89 49 61 84 83 5 76 50 64 49 49 71 66 59 78 49 46 68 39 58 15 51 52 67 39 64 46 39 58 53 40 75 55 51 49 81 44 38 62 45 70 35 22 71 57 60 89 49 49 87 100 84 59 
82 48 66 47 37 52 76 64 74 46 39 32 70 37 40 29 45 54 14 49 40 42 31 43 29 43 59 40 30 31 39 59 58 5 39 56 46 56 57 55 47 46 51 17 10 43 44 50 53 36 36 32 30 35 59 25 39 78 71 33 69 33 63 43 34 40 21 37 55 52 30 19 48 57 20 75 53 77 38 44 33 37 41 56 44 49 27 38 21 47 37 52 49 74 82 42 82 37 54 77 76 12 59 57 47 48 33 54 59 45 74 33 30 51 32 51 8 56 45 55 32 57 39 46 42 47 23 68 38 37 42 64 37 22 55 28 62 19 15 54 45 53 82 32 56 71 99 67 53 
56 47 60 52 33 36 60 24 76 35 29 27 54 6 51 35 35 40 45 39 24 56 39 56 56 51 67 48 61 61 47 56 62 42 25 40 51 56 86 15 44 51 59 54 43 12 34 52 46 40 40 18 57 39 48 18 29 56 61 10 56 38 67 27 42 33 26 21 55 57 13 62 53 51 25 56 74 82 28 64 17 52 45 35 30 57 16 75 49 68 36 12 35 78 56 62 56 41 41 56 70 49 55 53 65 38 23 56 56 45 34 17 20 59 63 44 39 46 50 45 45 42 29 56 32 33 51 76 43 42 30 56 37 27 56 56 48 24 52 56 42 38 56 56 54 55 89 66 39 
77 57 77 53 43 36 82 53 65 8 5 27 70 28 58 50 57 51 51 15 40 65 49 57 47 61 62 58 67 34 48 56 51 48 40 40 52 44 70 49 32 44 68 60 44 34 4 40 26 40 24 40 48 25 21 34 23 63 55 24 77 39 53 27 52 19 27 43 69 49 21 63 48 59 26 63 70 68 16 61 39 22 39 22 45 67 24 73 39 82 16 46 50 64 77 59 77 27 48 68 87 55 65 26 51 60 11 48 77 45 63 17 14 69 65 30 45 34 56 39 46 62 51 55 2 48 41 71 29 43 35 49 31 22 46 46 70 25 50 71 30 60 77 50 27 51 106 85 50 
95 27 83 55 26 51 60 64 76 44 35 44 50 46 39 58 58 43 61 45 49 33 20 61 38 32 37 29 69 65 43 45 68 52 48 47 22 55 81 61 40 4 40 64 50 52 40 8 37 44 35 41 39 36 57 39 41 71 73 42 53 41 55 45 23 24 29 46 54 17 39 50 60 60 30 62 62 73 24 29 42 58 51 58 43 50 39 63 30 69 27 61 42 59 81 27 87 38 32 36 93 59 48 51 56 61 29 39 63 55 74 35 32 40 68 13 55 52 24 57 50 56 52 29 38 40 32 46 34 13 53 42 49 34 14 37 71 31 62 63 38 52 73 41 50 73 80 76 44 
85 31 74 79 17 55 60 53 39 34 31 50 70 44 42 51 49 46 51 41 40 57 23 66 41 35 63 32 60 60 51 71 62 48 41 51 54 44 70 55 37 39 43 60 53 46 26 37 26 54 24 32 42 25 47 28 49 68 81 47 53 57 53 50 26 13 53 37 57 41 44 72 67 63 52 63 65 62 42 53 33 48 45 48 46 41 47 74 33 75 16 52 51 64 84 51 52 27 56 66 84 55 39 49 51 52 37 53 63 68 63 40 40 43 69 24 45 60 34 61 55 58 43 29 28 49 35 72 23 45 46 66 57 48 44 40 62 51 58 59 35 54 76 44 50 77 84 79 47 
77 66 62 41 59 42 78 45 84 43 35 30 74 34 62 52 63 60 47 45 44 77 53 47 51 65 81 62 63 64 38 63 54 38 45 46 40 50 76 36 17 40 73 50 36 40 40 44 54 6 30 46 52 29 56 56 35 52 67 30 71 3 57 33 56 41 15 49 75 61 27 55 46 60 16 69 51 90 33 73 45 58 37 58 50 70 25 71 43 80 38 39 55 86 77 71 77 31 50 77 52 45 77 61 55 66 29 57 77 41 55 23 26 73 63 52 41 52 68 51 36 70 57 47 38 53 45 90 51 31 50 77 43 20 58 49 53 17 48 64 19 66 77 50 62 61 70 88 59 
61 45 77 61 31 48 84 29 63 28 25 42 46 43 34 27 61 32 43 19 16 61 25 42 23 37 59 34 59 54 33 53 55 40 17 44 57 20 46 31 13 39 45 48 36 40 24 35 24 30 2 46 24 1 41 26 42 44 74 39 53 33 29 42 28 11 45 51 49 52 36 55 46 47 45 39 47 60 25 64 47 42 39 42 22 55 39 72 15 73 8 28 27 56 61 62 61 3 33 61 82 43 53 46 27 66 30 48 61 55 39 32 33 45 61 22 37 53 48 47 31 44 57 53 22 25 17 68 21 48 22 61 50 41 49 22 65 44 50 48 11 40 61 26 47 61 98 61 31 
58 29 42 58 15 42 44 42 71 41 35 33 58 12 35 53 17 44 46 45 42 55 21 62 39 33 61 30 58 63 49 58 66 37 43 44 55 42 80 33 50 37 41 40 32 18 40 41 32 46 46 2 40 45 54 36 35 58 67 16 58 44 73 33 24 45 32 5 50 39 19 51 59 57 31 58 63 87 34 51 1 47 51 24 42 39 22 70 31 70 47 30 41 60 58 49 58 47 31 58 52 35 37 59 57 20 29 58 58 51 46 23 26 41 64 54 40 52 32 51 51 26 11 58 38 39 33 70 48 46 48 58 43 33 42 38 30 30 47 58 48 22 58 42 58 58 71 50 45 
81 33 78 72 25 57 84 49 44 50 49 59 68 52 12 49 57 42 44 43 38 59 19 64 1 31 59 28 60 61 23 43 50 35 39 53 53 44 70 53 35 35 39 47 30 58 48 39 42 52 24 40 2 23 63 50 49 66 96 56 72 55 51 49 22 35 46 45 27 43 57 49 55 59 45 63 23 65 47 55 41 40 33 64 37 49 54 68 9 50 32 50 36 80 80 53 81 25 26 68 88 42 47 68 17 60 52 38 62 31 49 56 55 39 57 46 38 75 36 57 53 29 51 60 46 34 7 68 26 44 44 67 67 49 46 12 70 46 45 24 33 25 72 20 69 77 86 51 43 
62 44 78 62 30 49 85 30 64 29 26 43 45 44 33 26 62 31 44 20 15 62 24 41 22 36 58 33 60 55 32 52 55 40 16 45 58 21 47 30 12 40 44 47 35 39 25 36 25 29 1 45 23 2 42 27 41 43 73 40 52 32 28 43 27 12 44 50 48 53 37 54 45 46 44 40 46 61 24 65 46 43 38 43 21 54 40 73 14 73 9 27 26 57 62 63 62 2 32 62 81 42 52 47 26 65 29 47 62 54 40 33 32 44 62 23 38 52 47 46 30 45 56 54 23 24 16 67 22 49 21 62 49 40 50 21 66 43 50 47 10 41 62 25 48 62 97 60 30 
94 76 94 68 64 53 96 65 86 13 22 44 76 42 73 55 71 60 68 32 46 82 64 72 62 53 67 56 84 39 63 77 68 63 45 57 65 61 87 61 49 61 84 75 59 48 21 57 47 56 41 54 63 42 26 51 40 80 72 38 94 53 70 44 67 36 42 57 83 66 35 78 65 67 41 74 86 85 33 78 53 39 56 39 50 88 32 90 54 99 33 58 55 81 94 76 94 44 61 85 104 70 86 31 60 74 28 30 94 62 75 34 31 75 82 47 62 34 73 56 61 67 65 72 19 53 56 76 46 56 40 66 48 39 63 56 84 40 67 76 47 71 94 65 32 68 111 94 59 
74 51 78 70 37 54 78 42 67 38 35 45 72 24 44 53 53 54 39 45 42 67 31 68 49 43 71 40 55 56 59 74 64 30 43 54 61 46 72 33 39 43 51 42 25 18 34 39 28 56 26 36 50 27 51 30 47 70 79 28 74 56 55 45 28 15 44 39 59 56 31 44 70 69 43 65 72 64 46 68 35 52 47 52 48 61 34 63 41 72 18 30 53 66 74 66 74 29 58 69 88 37 59 37 53 56 41 55 74 63 52 35 38 45 57 26 33 64 54 63 57 60 47 57 32 51 43 79 25 52 48 74 55 45 53 48 66 42 40 74 37 56 74 52 38 73 104 84 55 
72 55 77 48 50 31 77 53 81 27 18 22 72 23 59 56 52 31 52 28 47 66 50 52 48 60 70 59 68 53 43 70 33 43 46 35 47 62 88 44 33 45 70 55 39 29 23 41 49 35 42 35 49 41 40 47 18 64 50 19 72 34 69 22 53 38 22 38 64 50 16 58 43 48 21 72 72 87 17 62 34 41 16 41 51 67 19 76 40 59 35 41 56 83 72 60 72 43 57 69 87 50 72 45 66 55 12 64 71 40 63 12 9 70 42 49 46 35 57 16 41 59 46 54 21 54 42 79 48 38 51 68 26 17 47 47 65 20 53 72 31 55 71 29 46 50 105 83 32 
105 67 103 88 73 51 123 73 98 67 58 67 88 69 74 69 98 74 83 63 58 93 67 84 65 72 101 75 99 93 75 95 74 80 59 47 87 64 90 73 35 75 87 90 78 75 63 71 68 52 44 81 66 43 80 70 64 62 96 65 95 55 71 68 70 55 62 84 89 77 62 97 31 89 61 83 89 104 47 89 80 81 80 81 55 97 65 113 57 113 52 70 50 100 105 87 105 45 60 102 104 85 95 85 69 101 52 90 105 86 83 58 55 87 101 66 77 75 70 80 73 88 92 94 61 52 59 110 65 78 64 102 72 57 80 64 105 60 90 78 33 84 105 68 86 96 120 103 73 
104 87 109 69 82 63 109 85 113 59 50 54 104 55 100 89 84 78 84 60 85 98 88 84 95 92 102 95 100 85 75 102 65 75 86 67 79 94 120 76 65 77 108 87 71 61 55 73 81 67 74 67 96 73 72 79 50 96 82 51 104 66 101 54 91 70 54 70 96 82 48 90 75 86 53 104 118 119 49 94 66 73 66 73 91 99 51 108 87 109 67 73 94 115 104 92 104 75 89 101 119 82 104 77 99 87 44 96 104 72 95 44 41 108 92 81 78 67 89 66 73 91 78 86 53 94 89 111 80 70 86 100 58 49 79 86 97 52 85 104 63 87 104 79 78 82 137 115 77 
66 45 58 42 31 26 58 34 82 25 19 17 64 4 49 45 33 47 43 29 34 66 37 46 55 49 71 46 59 51 37 64 52 37 35 30 41 56 85 25 34 41 57 49 33 10 24 42 47 30 39 16 56 40 38 28 19 65 51 6 66 28 68 17 40 34 16 19 45 51 3 52 43 41 15 66 79 83 18 63 15 42 35 38 40 55 6 70 47 76 31 22 45 76 66 61 66 42 45 66 68 44 53 43 66 36 13 58 66 35 44 7 10 57 61 45 37 36 48 35 35 40 27 48 22 43 49 80 44 32 40 66 27 17 48 48 46 14 47 66 32 36 66 48 44 45 87 64 46 
114 59 123 82 70 83 55 82 92 81 78 71 88 76 73 78 98 83 67 72 67 58 65 88 73 77 75 74 75 90 70 72 95 64 68 79 49 73 99 82 64 49 85 63 69 82 77 53 53 71 53 85 72 52 94 79 78 95 110 72 20 68 80 82 68 64 56 85 88 49 69 82 87 98 57 92 95 113 76 61 86 92 78 95 70 94 66 97 66 22 61 79 69 97 114 59 105 54 59 74 123 58 92 99 78 101 72 66 10 82 92 72 69 85 85 66 61 95 56 94 77 90 92 24 75 67 68 84 74 40 73 65 86 61 52 73 115 58 74 96 62 86 80 77 100 110 112 112 82 
80 68 65 38 59 45 75 48 87 40 34 27 77 32 61 49 61 62 44 44 47 74 53 44 54 65 78 62 60 61 35 60 51 35 48 49 37 53 79 39 20 37 73 47 33 38 39 41 57 3 33 44 55 32 53 56 34 55 66 28 68 6 60 36 56 44 12 47 73 58 25 52 43 57 13 72 54 93 33 70 43 57 34 57 53 67 22 68 46 77 41 42 57 89 80 68 80 34 47 77 55 42 80 58 58 64 28 54 78 38 58 26 25 73 60 54 38 51 65 50 33 68 55 44 37 55 48 87 54 28 53 80 42 17 55 46 56 14 45 67 22 64 80 47 59 64 73 85 61 
90 72 106 90 58 77 107 58 92 57 54 71 73 72 61 54 90 59 72 48 43 88 52 65 50 64 86 61 88 83 60 80 83 68 44 73 69 49 75 58 40 51 72 75 63 67 53 55 53 57 29 73 51 28 70 55 69 71 101 68 80 60 52 71 55 40 72 78 76 72 65 82 73 74 72 68 74 89 52 84 74 71 66 71 49 82 68 87 42 101 37 55 54 85 90 82 90 26 60 90 109 70 80 75 54 93 57 75 90 82 68 61 60 72 90 51 66 80 75 74 54 73 84 76 51 52 44 95 50 60 49 90 77 68 69 49 94 71 78 75 38 69 90 53 76 90 125 88 58 
70 53 75 52 48 29 75 51 85 31 22 20 70 21 61 61 50 50 56 32 51 70 54 56 50 58 74 61 72 57 47 70 38 47 52 33 51 62 88 42 37 49 74 59 43 27 27 45 50 33 42 33 49 43 44 45 22 68 54 17 70 36 71 20 57 37 26 36 55 54 14 62 47 52 25 70 72 86 21 66 32 45 38 45 57 71 17 80 57 81 34 39 55 82 70 64 70 45 61 70 85 54 70 49 66 53 16 68 70 18 61 10 13 74 64 48 50 39 56 38 45 57 44 58 25 57 56 83 47 42 57 70 30 21 51 58 63 24 57 70 35 53 70 51 50 28 103 81 49 
82 23 66 70 9 44 68 57 65 54 53 57 56 36 16 51 41 26 48 47 42 49 3 68 21 15 43 12 52 64 31 51 54 39 41 40 37 48 74 57 39 19 23 51 34 42 52 23 26 56 28 24 22 27 67 28 53 70 91 40 68 56 55 57 6 39 44 29 31 33 43 53 56 43 45 67 45 69 47 45 25 48 37 48 41 33 46 72 13 72 36 54 40 65 64 43 78 29 30 58 76 46 31 65 39 44 52 46 78 53 53 47 50 17 51 36 42 75 26 41 57 33 35 44 50 38 15 52 30 28 46 58 64 49 36 20 54 46 49 46 37 29 50 24 66 77 76 59 27 
72 44 87 68 30 43 73 40 52 23 20 37 57 38 45 38 62 43 38 30 27 57 36 53 34 48 61 45 54 49 44 64 49 35 28 39 46 31 57 42 24 28 56 47 40 33 19 24 13 41 11 45 35 12 36 15 38 55 70 34 64 44 40 37 39 6 42 50 60 41 31 59 55 58 41 50 57 49 31 53 46 37 32 37 33 54 34 61 26 71 3 39 38 51 72 51 65 14 44 54 93 42 52 41 38 65 26 40 72 55 50 27 29 56 56 11 32 49 47 54 42 55 56 42 17 36 28 64 10 37 33 64 46 37 38 33 54 40 45 59 22 51 72 37 42 65 97 72 42 
76 56 74 26 47 35 63 49 85 29 22 15 76 20 49 37 49 50 32 32 48 62 41 32 45 53 66 50 48 49 23 48 39 23 47 39 25 65 75 41 32 25 61 35 21 26 27 29 53 15 45 32 46 44 42 44 22 62 54 16 56 12 72 26 44 42 2 35 61 46 13 40 31 45 1 76 66 91 21 58 31 45 22 45 46 55 10 56 41 65 39 38 45 87 76 56 76 46 35 65 67 30 69 47 63 52 16 42 66 26 59 16 13 61 48 42 26 39 53 38 21 56 43 32 25 43 39 75 52 16 52 71 30 5 43 34 62 2 33 70 34 52 76 35 48 54 85 73 49 
63 34 47 61 20 45 39 45 76 44 38 36 63 15 38 52 22 49 49 48 43 60 26 65 44 38 66 35 63 66 54 63 62 40 42 47 54 45 83 36 53 42 46 43 37 21 43 46 37 49 51 5 45 50 57 39 38 63 70 19 63 47 78 36 29 50 35 8 53 44 22 56 55 60 34 63 68 92 37 56 4 42 54 27 37 44 25 73 36 75 50 33 36 65 63 54 63 52 26 63 57 38 42 62 62 25 32 63 63 54 49 26 29 46 67 59 43 55 37 54 54 29 16 61 41 34 38 75 53 45 47 63 46 36 47 43 35 33 50 63 51 25 63 47 63 63 76 53 50 
94 36 81 87 40 60 92 62 71 70 64 62 55 49 15 55 67 53 69 62 46 62 34 82 26 46 42 43 83 70 48 68 75 60 45 56 57 48 95 61 60 50 22 72 55 55 69 54 57 75 49 50 27 48 83 59 64 89 96 45 88 73 76 55 31 60 61 53 30 46 48 74 58 70 60 67 50 90 63 58 49 65 58 72 40 64 51 93 34 77 57 58 39 64 63 56 94 50 29 68 91 67 62 88 44 70 58 63 89 58 52 52 55 48 82 67 63 81 39 68 71 32 61 64 67 37 32 51 51 48 50 71 72 62 46 37 80 59 70 51 58 28 81 45 89 83 89 76 54 
85 10 81 72 24 34 77 53 80 53 44 54 39 51 31 67 56 53 56 54 56 16 30 78 42 42 26 39 67 54 58 50 80 47 57 30 39 64 98 44 57 21 46 59 52 57 49 17 41 61 52 39 43 53 66 56 50 77 82 51 49 58 72 54 33 41 46 44 46 6 48 33 46 70 47 45 46 90 41 12 40 52 63 63 56 48 51 80 40 52 44 47 55 48 85 10 76 55 45 25 91 54 46 68 60 59 38 56 59 72 63 44 41 50 74 30 50 61 7 66 67 48 50 46 47 53 42 35 51 30 62 25 58 49 3 47 69 48 57 67 55 44 83 51 67 82 63 86 54 
64 47 61 39 34 23 61 37 79 22 16 14 64 7 52 48 36 44 43 26 37 64 40 43 56 52 68 49 59 48 34 61 49 34 38 27 38 56 82 28 31 38 60 46 30 13 21 39 44 27 36 19 57 37 35 31 16 62 48 3 64 25 65 14 43 31 13 22 48 48 6 49 40 38 12 64 78 80 15 60 18 39 32 39 43 58 3 67 50 75 28 25 48 76 64 58 64 39 48 64 71 41 56 40 63 39 10 55 64 32 47 4 7 60 58 42 37 33 50 32 32 43 30 45 19 46 50 77 41 29 43 64 24 14 45 45 49 11 44 64 29 39 64 45 41 42 90 67 43 
97 43 85 66 56 67 95 83 93 65 58 51 72 56 59 48 64 73 33 68 59 29 50 62 48 62 59 59 49 50 58 78 77 24 58 63 65 75 76 74 66 54 70 36 19 62 63 50 72 55 55 51 49 54 78 44 58 97 90 52 82 52 82 62 53 59 40 56 74 33 49 38 67 76 39 58 59 96 57 25 52 56 60 75 63 68 46 57 40 65 56 71 68 81 97 23 97 56 73 58 95 31 78 76 66 67 52 73 77 64 93 52 49 70 51 63 27 75 40 74 51 76 58 65 61 66 42 68 57 56 61 58 56 41 36 47 81 38 34 73 64 72 97 51 75 75 96 86 72 
86 36 72 57 50 20 94 54 99 52 43 36 60 47 43 39 76 44 61 53 30 62 53 61 54 41 72 44 77 78 52 79 43 52 29 16 56 66 79 45 57 56 73 64 48 53 48 60 67 46 46 59 55 45 65 70 43 31 75 43 86 43 73 47 56 55 31 55 58 46 40 67 32 59 30 85 78 91 42 58 58 66 51 66 24 74 37 85 59 82 52 42 19 94 86 56 86 47 29 71 82 59 72 70 71 79 37 73 86 55 64 37 34 69 77 66 55 60 39 59 50 60 70 63 46 21 60 81 65 47 34 71 51 26 49 63 79 29 62 79 55 56 86 64 71 72 89 100 43 
87 60 89 71 46 61 99 55 102 54 54 52 61 45 55 40 64 17 43 64 31 86 40 67 58 52 74 49 27 78 66 87 81 52 30 59 70 62 93 46 58 56 60 64 57 51 59 60 63 60 47 57 59 46 67 69 48 87 86 41 87 57 74 52 43 58 45 60 70 70 38 76 59 32 44 81 82 106 53 82 56 77 64 70 35 46 35 85 50 80 55 43 40 71 87 80 87 48 46 87 99 59 68 68 72 67 48 83 87 69 65 42 45 60 73 69 49 71 63 32 56 46 58 77 57 38 52 83 67 61 35 87 55 46 73 57 87 43 62 83 56 42 77 52 69 80 113 96 16 
75 57 73 27 46 34 64 48 84 28 21 14 75 19 50 36 48 49 31 31 47 62 42 31 44 54 67 51 47 48 22 49 38 22 46 38 26 65 74 40 33 26 62 34 20 25 26 30 52 16 45 31 45 44 41 43 21 61 53 15 57 13 72 25 45 41 1 34 60 47 12 39 30 44 2 75 67 90 20 59 30 44 21 44 47 54 9 55 40 64 38 37 46 86 75 57 75 46 36 66 68 29 68 46 62 51 15 43 67 25 58 15 12 62 47 43 25 38 54 37 20 55 42 33 24 44 38 76 51 17 51 71 29 4 44 33 61 1 32 69 34 51 75 34 47 53 86 72 48 
91 55 75 91 69 79 82 68 102 61 64 81 84 71 52 66 78 64 82 58 55 41 64 81 62 76 71 73 98 87 72 91 94 79 56 75 84 19 85 70 52 66 84 87 75 77 63 62 63 69 39 61 63 40 74 65 72 83 113 75 91 72 68 81 67 50 84 64 67 45 75 58 85 81 84 38 71 99 64 37 60 81 78 81 61 93 78 111 54 77 47 67 66 93 91 35 91 42 66 70 85 82 91 79 66 81 69 87 89 94 63 71 72 84 100 61 76 92 52 79 70 43 72 91 61 64 56 80 60 75 61 70 89 80 48 61 91 83 89 87 50 39 91 65 80 91 108 100 65 
100 56 101 92 48 80 107 68 67 73 71 81 85 75 35 72 80 65 67 66 61 42 42 87 24 54 72 51 83 84 46 66 73 58 62 76 76 67 93 59 58 58 62 70 53 74 70 62 65 51 47 63 23 46 86 72 72 89 118 79 95 54 74 72 45 57 66 68 50 46 78 59 78 82 67 71 46 88 70 34 64 63 56 87 60 72 76 91 32 73 54 62 59 90 100 36 100 48 49 71 103 65 70 91 39 83 75 61 85 54 72 74 77 62 80 68 61 98 53 80 76 52 74 83 68 57 30 77 49 67 67 71 90 71 49 35 93 68 68 47 56 48 95 43 92 100 97 74 66 
121 86 129 99 72 92 122 89 101 72 69 86 106 87 75 87 104 89 87 79 76 90 66 102 64 78 106 75 103 98 74 94 97 82 77 88 95 80 106 91 73 77 86 94 77 82 68 73 62 90 60 87 65 61 85 64 87 104 119 83 113 93 89 86 69 49 91 92 90 90 80 96 91 106 90 99 88 78 80 86 88 86 80 86 77 96 83 110 56 115 52 88 72 100 121 84 114 63 82 103 139 89 94 90 82 107 75 69 121 96 99 76 78 86 105 60 81 98 89 103 91 92 98 91 66 74 58 113 39 86 82 113 95 86 87 63 83 89 92 89 71 88 119 67 91 114 139 102 90 
71 51 76 47 49 30 76 52 79 20 11 21 69 22 57 50 51 45 51 21 39 57 44 51 46 56 61 53 67 46 42 69 50 42 40 34 46 45 71 43 16 28 64 54 38 28 16 24 42 33 25 34 47 24 33 46 17 47 49 18 71 33 52 21 47 31 21 37 63 41 15 57 42 53 20 64 70 80 10 53 33 34 33 34 45 66 18 75 38 76 28 40 50 76 71 51 71 26 54 60 85 49 71 38 50 54 5 60 71 39 62 11 8 64 59 37 45 28 48 33 40 58 45 53 14 48 40 70 41 37 45 61 25 16 38 45 64 19 52 59 14 54 71 46 39 49 103 81 44 
97 22 93 84 36 46 89 65 92 65 56 66 51 63 43 73 68 65 58 66 68 8 42 87 54 54 38 51 74 66 70 62 92 49 69 42 49 56 101 56 69 33 58 61 44 69 61 29 53 73 64 51 55 65 78 68 62 89 94 63 61 70 84 66 45 53 58 56 58 12 60 25 58 82 59 37 34 86 53 4 52 64 75 75 68 60 63 82 52 44 56 59 67 56 97 2 88 67 57 37 103 56 58 80 72 71 50 68 56 84 75 56 53 62 76 42 52 73 19 78 76 60 62 58 59 65 54 43 63 42 74 37 70 61 15 59 81 60 59 79 67 56 95 63 79 94 75 98 66 
59 30 43 57 16 41 43 41 72 40 34 32 59 11 34 52 18 45 47 44 41 56 22 61 40 34 62 31 59 64 50 59 66 38 42 43 56 41 79 32 49 38 42 39 33 17 39 42 33 45 47 1 41 46 53 35 34 59 66 15 59 43 74 32 25 46 31 4 49 40 18 52 58 56 30 59 64 88 33 52 2 46 50 23 41 40 21 71 32 71 46 29 40 61 59 50 59 48 30 59 53 34 38 58 58 21 28 59 59 50 45 22 25 42 65 55 41 51 33 50 50 25 12 59 37 38 34 71 49 47 47 59 42 32 43 39 31 29 48 59 47 21 59 43 59 59 72 49 46 
71 62 55 71 51 54 81 71 84 26 23 45 71 46 50 66 64 68 51 33 58 68 45 75 39 57 78 54 67 52 49 69 69 42 58 58 61 62 88 67 50 61 65 54 37 52 22 58 48 58 42 47 40 43 39 52 41 71 73 42 71 57 71 45 48 37 45 42 65 52 39 56 66 77 44 71 63 86 34 64 46 40 57 40 63 75 42 75 35 70 34 64 68 82 71 62 71 45 64 71 65 49 71 44 56 67 29 26 71 63 81 35 32 65 69 48 45 52 59 57 64 56 58 68 20 66 33 87 47 52 53 27 49 40 55 38 77 43 52 64 48 60 71 46 45 69 115 77 68 
74 53 90 48 40 47 85 68 77 43 34 35 74 39 43 57 68 47 52 44 53 74 34 52 32 46 74 43 68 67 42 62 17 43 54 51 47 59 85 60 49 47 54 55 41 45 39 51 45 37 39 51 33 38 56 47 16 74 66 35 74 34 66 38 37 32 22 54 58 63 32 60 51 64 21 74 56 80 33 75 50 57 26 57 59 64 30 76 24 75 35 57 64 83 74 73 74 40 57 74 89 50 62 61 50 71 28 57 74 37 78 28 25 54 26 43 46 51 56 32 41 60 62 54 37 62 26 83 41 38 59 74 42 25 63 31 53 22 53 57 47 56 55 13 62 66 106 70 48 
82 53 66 71 39 54 66 59 87 26 23 45 82 34 57 68 41 53 63 33 58 79 45 75 63 57 80 54 79 52 66 78 69 60 58 58 70 62 88 50 50 61 65 62 56 35 22 58 48 58 42 24 64 43 39 52 41 81 73 38 82 57 71 45 48 37 45 27 72 63 39 75 66 70 44 81 87 86 34 75 23 40 57 40 63 63 42 91 55 94 34 47 63 82 82 73 82 45 53 82 76 57 61 44 69 44 29 66 82 63 68 35 32 65 81 48 57 52 56 38 64 48 35 77 20 61 57 89 47 61 53 67 49 40 64 62 54 43 68 82 48 44 82 66 45 69 95 72 54 
62 46 78 62 49 44 76 30 81 37 46 57 36 36 25 15 53 20 49 41 6 62 43 42 36 55 49 52 62 63 53 62 67 47 5 40 39 42 65 21 33 39 62 50 44 30 45 43 46 50 22 42 37 21 50 48 51 55 91 40 62 53 49 57 41 33 46 37 40 56 43 63 24 35 47 61 60 77 45 68 41 62 59 63 6 73 46 80 35 64 30 18 5 71 62 66 62 23 11 62 88 50 62 55 47 56 50 56 62 60 40 47 50 45 74 44 50 64 49 35 31 42 47 46 43 3 37 58 43 30 10 62 58 50 57 42 72 48 57 61 31 38 62 46 56 62 99 81 19 
97 38 81 81 24 62 83 81 80 75 67 60 83 51 49 69 56 53 35 74 69 64 30 64 48 42 70 39 19 70 58 78 76 44 68 58 64 75 96 72 66 46 50 56 49 57 67 50 41 70 55 39 49 54 88 61 67 97 99 55 94 67 82 71 33 54 55 44 64 48 58 68 74 46 54 93 72 96 66 60 40 75 64 63 73 38 61 46 40 72 57 69 73 63 91 58 93 56 63 73 91 51 46 90 66 59 61 73 84 79 85 61 58 50 65 63 41 84 41 68 53 65 50 70 69 71 42 76 57 55 73 55 70 50 51 47 69 53 54 73 64 61 83 51 91 97 91 86 54 
67 50 64 36 37 26 64 40 82 19 19 17 67 10 55 45 39 47 40 29 40 67 43 40 53 55 71 52 56 45 31 58 47 31 41 30 35 59 83 31 34 35 63 43 27 16 24 39 47 25 39 22 54 40 32 34 19 65 51 6 66 22 68 17 46 34 10 25 51 51 3 46 37 35 9 67 76 83 18 63 21 42 30 42 46 61 6 64 48 73 31 28 51 79 67 61 67 42 45 67 74 38 59 37 66 42 13 52 67 34 50 7 10 63 56 45 34 36 53 35 29 46 33 42 22 49 47 80 44 26 46 67 27 11 48 42 52 8 41 67 32 42 67 43 38 45 93 70 46 
110 76 94 82 70 70 105 99 69 77 68 69 98 69 78 67 73 90 42 78 76 80 69 71 67 81 87 78 58 59 77 97 93 33 75 74 81 92 85 90 82 67 89 45 38 75 73 63 74 71 72 70 68 73 90 63 76 110 108 70 97 68 87 80 72 61 56 73 93 80 67 57 85 85 55 110 91 110 75 82 71 75 76 91 80 46 64 46 59 75 64 87 85 89 110 80 66 75 91 93 104 40 92 85 85 76 70 92 87 80 109 70 67 89 60 50 36 93 73 88 60 95 67 74 71 83 61 96 71 72 70 101 65 59 77 66 100 56 23 49 80 91 110 70 84 108 127 105 89 
76 30 73 67 16 51 75 44 53 41 40 53 59 43 19 40 48 33 35 34 29 56 10 55 8 22 50 19 51 52 18 38 41 26 30 47 44 35 61 44 26 26 30 38 21 49 39 30 33 43 15 31 9 14 54 41 40 57 87 47 66 46 42 57 13 26 41 36 34 40 50 40 59 50 40 54 32 56 38 52 32 35 24 55 35 40 48 59 4 59 23 41 40 71 71 50 76 16 33 63 83 33 38 59 26 51 43 33 71 40 54 47 46 30 50 37 29 66 33 48 44 36 42 51 37 38 2 59 17 35 35 62 58 43 43 7 61 40 36 33 24 32 63 11 60 76 83 46 34 
117 62 101 91 75 86 77 94 94 86 77 78 88 72 62 76 76 84 45 86 70 36 69 74 51 81 75 78 53 68 73 93 92 42 69 82 71 94 94 85 85 71 89 54 47 78 82 69 75 80 74 79 50 73 99 72 59 113 109 76 22 77 101 81 72 71 65 79 77 52 75 65 82 80 64 77 73 115 76 44 80 70 75 96 64 72 73 75 59 24 68 82 63 79 117 42 117 75 53 77 111 49 97 94 67 79 71 88 12 81 99 71 68 89 63 82 39 94 59 75 63 79 70 46 80 61 57 66 76 62 74 43 68 68 55 62 105 65 52 74 83 75 102 70 93 109 115 101 83 
69 47 85 65 33 40 76 37 55 20 17 34 54 35 42 35 64 40 35 27 24 60 33 50 31 45 64 42 51 46 41 61 52 32 25 36 49 28 54 39 21 31 53 44 37 36 16 27 16 38 8 47 32 9 33 18 35 52 67 31 61 41 37 34 36 3 39 50 57 44 28 56 52 55 38 47 54 52 28 56 46 34 35 34 30 57 31 64 23 68 6 36 35 48 69 54 68 11 41 57 90 39 55 38 35 67 23 43 69 52 47 24 26 53 53 14 29 46 50 51 39 52 58 45 14 33 25 61 13 40 30 61 43 34 41 30 57 37 42 56 19 48 69 34 39 62 100 69 39 
44 37 60 44 45 44 72 12 64 45 41 39 42 18 43 23 44 28 44 47 12 44 51 50 44 44 55 44 60 71 38 44 61 47 13 44 57 44 74 3 39 44 71 44 52 12 44 48 52 39 28 30 45 27 44 30 41 44 73 22 44 42 55 39 54 39 38 33 58 47 25 71 42 43 37 44 62 88 40 52 29 44 44 47 18 69 28 67 41 56 36 6 23 77 44 50 44 29 29 44 70 49 44 45 53 50 35 44 44 42 22 29 32 53 68 50 44 58 40 43 39 50 41 44 44 21 43 64 49 48 18 44 49 39 44 48 60 36 44 44 37 46 44 44 44 44 90 78 27 
67 45 83 67 49 39 75 35 80 42 51 55 41 41 24 20 58 25 54 43 11 67 43 47 35 55 54 52 67 68 53 61 62 52 10 35 38 47 60 26 38 38 61 55 49 35 50 42 51 55 27 41 36 26 55 53 56 50 94 45 67 57 54 55 40 38 45 36 39 55 48 68 19 40 46 66 59 72 50 67 40 67 64 63 5 73 51 85 40 63 35 23 4 76 67 65 67 28 10 67 93 55 67 60 52 61 55 55 67 65 45 52 53 50 79 49 55 69 48 40 36 41 52 45 48 2 41 63 48 29 15 67 63 45 56 46 71 47 62 60 36 37 67 51 61 67 98 85 24 
96 58 80 96 68 82 104 85 103 68 65 82 35 72 79 76 55 81 60 75 65 58 62 89 79 74 22 71 44 49 89 59 100 69 66 78 81 76 102 80 69 63 42 68 74 78 64 59 64 86 56 60 80 57 81 66 83 96 115 76 96 89 85 82 65 51 87 65 64 48 76 81 94 71 86 93 90 100 76 56 61 82 83 82 71 63 79 89 71 79 48 77 76 26 83 58 96 59 82 67 90 73 90 66 83 58 71 91 91 100 95 72 74 82 90 62 66 94 55 96 78 86 49 88 62 74 73 13 61 72 71 73 91 82 45 78 84 85 66 86 67 82 96 82 67 96 109 110 80 
140 81 124 128 67 102 126 115 123 112 104 106 74 94 78 109 99 84 106 94 100 103 61 126 79 73 61 70 110 89 89 98 112 97 99 98 95 106 132 115 96 77 41 109 92 100 109 81 84 113 86 82 80 85 125 92 111 128 149 98 126 114 113 115 64 97 102 87 63 87 101 111 114 101 103 125 103 127 105 99 83 106 95 106 103 91 104 130 71 130 94 112 102 83 82 97 136 87 92 106 134 104 89 129 97 102 110 104 136 111 115 105 108 81 109 94 100 133 84 99 115 95 93 102 107 100 73 70 88 86 104 112 122 107 84 78 112 104 107 104 95 91 114 82 130 135 134 117 85 
95 20 91 82 34 44 87 63 90 63 54 64 49 61 41 71 66 63 56 64 66 6 40 85 52 52 36 49 72 64 68 60 90 47 67 40 49 54 99 54 67 31 56 59 42 67 59 27 51 71 62 49 53 63 76 66 60 87 92 61 59 68 82 64 43 51 56 54 56 10 58 23 56 80 57 35 36 84 51 2 50 62 73 73 66 58 61 80 50 42 54 57 65 58 95 4 86 65 55 35 101 54 56 78 70 69 48 66 54 82 73 54 51 60 74 40 50 71 17 76 74 58 60 56 57 63 52 45 61 40 72 35 68 59 13 57 79 58 57 77 65 54 93 61 77 92 73 96 64 
79 82 63 79 69 79 110 91 91 86 79 89 79 83 79 90 79 80 79 89 81 79 75 108 79 79 92 79 95 108 79 79 96 82 80 79 97 79 119 82 79 79 95 79 87 79 78 83 52 82 76 79 80 77 79 79 88 79 120 79 79 79 105 79 78 65 84 84 94 76 79 106 93 95 83 79 103 114 87 87 80 79 79 100 75 93 82 66 79 91 68 79 74 114 79 85 79 79 80 79 53 84 79 80 97 88 82 79 79 97 101 82 79 95 103 76 79 105 79 95 97 96 79 79 80 72 79 101 75 88 79 79 96 79 73 84 109 82 79 79 79 92 79 79 79 79 135 123 79 
64 46 80 64 32 51 87 32 66 31 28 45 47 46 35 28 64 33 46 22 17 64 26 39 24 38 60 35 62 57 34 54 57 42 18 47 60 23 49 32 14 42 46 49 37 41 27 38 27 31 3 47 25 2 44 29 43 45 75 42 54 34 26 45 29 14 46 52 50 55 39 56 47 48 46 42 48 63 26 67 48 45 40 45 23 56 42 75 16 75 11 29 28 59 64 65 64 4 34 64 83 44 54 49 28 67 31 49 64 56 42 35 34 46 64 25 40 54 49 48 28 47 58 56 25 26 18 69 24 51 23 64 51 42 52 23 68 45 52 49 12 43 64 27 50 64 99 62 32 
73 35 73 61 39 49 65 41 70 48 43 50 47 41 14 26 48 31 60 33 17 61 33 53 25 45 60 42 73 74 47 51 69 58 16 45 28 47 70 32 44 28 51 61 54 41 48 32 56 50 33 31 26 32 61 58 57 60 89 45 59 47 60 61 30 44 35 26 29 45 48 73 29 46 36 66 49 82 54 57 30 64 57 53 11 63 45 91 33 53 41 29 10 82 73 55 73 34 16 68 83 61 61 66 43 51 49 45 65 57 51 51 48 47 81 45 61 72 38 46 42 31 42 35 46 8 31 69 50 19 21 70 65 40 46 36 61 37 68 50 42 27 73 44 67 73 88 75 30 
110 35 106 91 49 59 96 78 105 72 63 73 58 74 56 92 81 78 81 73 81 41 55 97 67 67 45 64 92 73 77 25 102 72 82 55 48 85 111 69 76 40 65 84 77 80 68 36 66 80 65 64 68 66 85 69 69 102 101 70 74 77 91 73 58 54 65 69 68 25 67 58 71 95 66 70 71 103 60 37 65 77 85 86 79 73 70 93 63 77 57 72 78 67 106 35 95 68 68 44 116 79 71 87 85 84 57 75 84 91 88 63 60 62 99 43 75 80 32 85 86 73 75 65 66 76 61 54 64 49 87 50 77 68 22 66 94 67 82 92 74 69 95 74 86 101 88 105 79 
26 29 10 26 41 26 57 38 46 34 26 36 26 30 26 41 26 27 26 36 32 26 35 55 26 26 39 26 42 55 26 26 43 29 31 26 44 26 66 29 26 26 55 26 34 26 26 30 52 29 29 26 27 28 26 26 35 26 67 26 26 26 52 26 38 40 31 31 41 29 26 53 42 42 30 26 50 82 34 34 27 26 26 48 29 61 29 49 26 38 37 26 28 61 26 32 26 26 34 26 20 31 26 27 44 35 29 26 26 44 48 29 26 55 50 43 26 52 26 42 44 43 26 26 28 26 26 48 43 35 26 26 43 26 26 31 56 29 26 26 26 39 26 26 26 26 82 70 26 
84 50 68 56 49 63 65 72 86 57 50 43 72 43 52 41 47 64 16 60 49 54 43 45 41 55 61 52 32 33 51 71 67 7 49 67 55 63 45 64 54 55 63 5 12 49 55 59 55 45 43 35 42 42 70 37 50 84 82 44 58 42 70 54 46 42 30 38 67 54 41 31 59 59 29 82 65 89 49 56 34 49 50 57 50 51 38 40 33 49 39 61 55 73 84 54 84 44 61 79 78 10 71 45 59 44 44 66 61 54 79 44 41 63 34 53 10 56 47 62 34 59 41 34 53 53 35 70 50 46 44 76 39 33 57 40 65 30 17 66 52 55 84 44 44 82 95 79 63 
95 36 79 95 22 60 81 79 78 73 70 70 81 49 47 76 54 51 73 72 67 62 28 93 46 40 68 37 65 77 56 76 79 64 66 56 62 73 99 70 64 44 48 76 59 55 65 48 39 81 53 37 47 52 86 59 72 95 104 53 92 81 80 70 31 52 69 42 62 46 56 78 72 68 68 91 70 94 71 58 38 73 62 61 71 46 59 92 38 97 55 67 71 90 89 56 91 54 61 71 89 71 44 88 64 57 66 71 95 78 83 60 63 48 76 61 67 89 39 66 82 63 48 68 67 69 40 77 55 53 71 71 80 70 49 45 67 67 74 71 62 59 81 49 89 95 89 84 52 
99 78 99 73 66 58 101 70 88 18 27 49 81 47 78 60 76 51 61 37 51 84 68 77 67 80 72 77 77 44 68 82 73 52 50 62 70 66 90 66 54 55 88 50 57 53 26 51 49 61 46 59 68 47 31 37 45 85 77 43 99 58 75 49 65 41 47 62 88 68 40 76 70 68 46 79 91 90 38 80 58 44 61 44 55 90 37 85 59 94 38 63 60 66 99 78 99 49 66 87 109 45 88 2 73 79 33 61 99 67 80 39 36 80 79 52 55 56 75 61 66 72 70 77 24 58 61 79 51 61 45 71 53 44 65 66 89 45 62 81 52 76 99 70 1 73 80 105 52 
88 50 86 88 42 74 101 56 61 55 52 69 71 69 29 52 74 57 61 46 41 76 36 67 18 48 76 45 77 78 40 60 67 52 42 70 65 47 73 56 38 52 56 64 47 65 51 56 51 55 27 57 17 26 60 53 66 69 99 66 78 58 54 66 39 38 63 62 44 60 63 66 71 72 62 66 39 82 50 72 58 56 50 69 47 66 66 85 26 67 35 53 52 83 88 70 88 28 43 85 96 59 64 73 34 77 55 30 79 48 66 59 58 56 74 49 55 78 53 72 56 46 68 72 49 50 24 85 43 56 47 83 75 66 63 29 87 63 62 41 36 42 88 37 74 88 103 68 56 
56 49 40 56 35 56 64 62 76 61 55 53 56 32 55 71 15 57 46 65 62 56 41 75 56 53 69 50 62 69 56 56 62 43 61 56 74 56 89 53 56 56 61 49 48 38 56 60 52 59 59 20 57 58 56 56 55 56 87 36 56 56 82 53 44 65 52 25 70 59 39 67 72 67 51 56 80 107 54 64 21 56 56 44 56 59 42 76 51 68 67 50 58 58 56 62 56 56 51 56 50 44 56 57 74 18 49 56 56 71 66 43 46 61 64 73 40 72 52 71 64 46 9 56 58 56 53 71 68 65 56 48 63 53 56 58 26 50 53 56 56 42 56 56 56 56 51 70 56 
66 48 71 42 44 25 71 47 75 15 6 16 66 17 62 51 46 40 46 16 44 54 49 46 51 54 58 57 62 41 37 64 45 37 45 29 41 50 76 38 21 33 69 49 33 23 11 29 37 29 30 29 52 29 28 41 12 52 44 13 66 28 57 16 52 26 16 32 58 38 10 52 37 48 15 66 75 75 5 50 28 29 28 29 50 61 13 70 43 71 23 35 55 71 66 48 66 31 49 57 81 44 66 33 55 49 6 55 66 34 57 6 3 69 54 37 40 23 45 28 35 53 40 48 9 53 45 67 36 32 42 56 20 11 35 48 59 14 47 64 19 49 66 41 34 44 99 76 39 
95 63 81 68 49 77 73 63 82 43 49 57 89 62 48 71 81 66 68 59 62 72 43 74 37 55 76 52 84 69 37 58 74 59 61 79 35 68 94 72 59 35 63 71 54 68 48 39 53 57 48 64 38 47 30 55 64 90 96 58 66 54 75 68 46 40 42 68 63 56 55 73 73 83 43 87 61 69 60 68 65 26 57 66 56 73 52 92 33 88 43 74 55 91 95 66 95 49 45 75 91 66 71 61 30 84 55 52 76 68 73 58 55 63 83 51 62 64 63 80 63 65 75 42 46 53 31 85 30 26 66 53 72 47 53 26 74 44 69 62 57 61 95 44 62 95 116 65 67 
124 69 113 92 80 93 65 92 102 91 88 81 98 84 74 88 88 93 57 82 77 48 75 86 63 87 85 84 65 80 80 82 104 54 78 89 59 83 106 92 74 59 95 66 59 90 87 63 63 81 63 91 62 62 104 84 71 105 120 82 10 78 90 92 78 74 66 91 89 59 79 77 94 92 67 89 85 123 86 56 92 82 87 105 76 84 76 87 71 12 71 89 75 91 124 54 115 64 65 84 123 61 102 106 79 91 82 76 20 92 102 82 79 95 75 76 51 105 66 87 75 91 82 34 85 73 69 78 84 50 83 55 80 71 62 74 117 68 64 86 72 87 90 82 105 120 122 113 92 
77 64 93 52 56 47 89 48 75 49 40 38 77 39 43 61 68 68 56 50 54 77 50 56 32 62 90 59 72 73 47 74 20 47 55 45 51 75 99 39 55 51 70 59 45 45 45 55 68 41 55 51 31 54 62 63 40 77 72 35 77 38 82 18 53 55 26 54 58 72 32 64 55 69 25 77 54 96 39 84 50 63 37 63 60 79 34 80 40 81 52 42 65 100 77 82 77 56 57 77 93 54 77 67 48 71 34 68 77 36 58 28 31 70 63 66 50 57 67 56 45 60 62 58 43 63 38 99 57 42 60 77 48 29 69 43 56 26 57 55 53 56 77 50 68 46 111 82 67 
42 45 58 42 57 42 73 10 50 50 42 52 42 40 37 45 42 43 42 52 34 42 51 71 42 42 55 42 58 71 36 42 59 45 35 42 57 42 82 19 42 42 71 42 50 34 42 46 63 45 39 42 43 40 42 42 51 42 83 42 42 42 68 42 53 50 47 47 52 45 42 69 58 58 46 42 66 98 50 50 43 42 42 64 40 77 45 65 42 54 47 22 44 77 42 48 42 42 50 42 68 47 42 43 60 51 45 42 42 58 20 45 42 70 66 59 42 68 42 58 60 28 42 42 44 42 42 64 59 51 40 42 59 42 42 47 72 45 42 42 42 24 42 42 42 42 98 86 42 
60 43 65 42 38 19 65 41 75 21 12 10 60 11 56 51 40 40 46 22 41 60 44 46 55 48 64 51 62 47 37 60 45 37 42 23 41 52 78 32 27 39 64 49 33 17 17 35 40 23 32 23 56 33 34 35 12 58 44 7 60 26 61 10 47 27 16 26 52 44 4 52 37 42 15 60 74 76 11 56 22 35 28 35 47 61 7 70 47 71 24 29 52 72 60 54 60 35 51 60 75 44 60 39 59 43 6 58 60 28 51 6 3 64 54 38 40 29 46 28 35 47 34 48 15 50 49 73 37 32 47 60 20 11 41 48 53 14 47 60 25 43 60 41 40 38 93 71 39 
63 46 68 39 41 22 68 44 72 18 9 13 63 14 59 48 43 37 43 19 44 57 47 43 54 51 61 54 59 44 34 61 42 34 45 26 38 53 79 35 24 36 67 46 30 20 14 32 40 26 33 26 55 32 31 38 9 55 41 10 63 25 60 13 50 29 13 29 55 41 7 49 34 45 12 63 77 78 8 53 25 32 25 32 50 58 10 67 46 68 26 32 53 74 63 51 63 34 48 60 78 41 63 36 58 46 3 55 63 31 54 3 6 67 51 40 37 26 48 25 32 50 37 45 12 53 48 70 39 29 45 59 17 8 38 45 56 11 44 63 22 46 63 38 37 41 96 74 36 
94 40 83 87 26 61 85 62 82 62 70 74 71 53 33 50 58 43 65 64 41 66 20 77 38 32 60 29 69 81 48 68 71 56 40 57 54 65 91 56 56 36 40 68 51 59 69 40 43 73 45 41 39 44 75 45 70 87 108 57 85 73 72 74 17 56 61 46 48 50 60 70 69 60 62 84 62 86 64 62 42 65 54 65 45 50 63 89 30 89 53 53 50 82 81 60 94 46 47 62 93 63 48 80 56 61 69 63 94 70 70 64 67 34 68 53 59 92 43 58 66 50 52 61 67 48 32 69 47 45 35 75 81 66 53 37 71 63 66 63 54 46 33 41 81 94 93 76 44 
95 68 79 74 54 71 99 87 101 69 60 61 86 57 67 61 54 71 30 70 70 74 48 59 58 42 81 39 46 53 68 88 43 27 69 67 73 81 79 78 70 64 68 39 32 63 65 68 69 63 61 64 57 62 82 57 42 95 92 61 85 60 90 64 51 56 48 67 82 74 58 51 77 73 47 95 80 105 59 76 65 69 26 81 74 65 56 60 50 63 53 75 79 90 95 74 95 64 81 95 89 34 76 79 74 64 54 83 75 63 95 54 51 68 48 67 24 77 67 58 48 75 55 68 63 77 52 90 66 64 64 95 53 51 77 57 79 48 37 81 68 71 81 39 78 92 115 96 72 
83 40 96 68 39 54 73 51 63 34 31 48 63 49 52 49 71 54 49 41 38 46 33 64 45 45 50 42 65 60 55 58 60 46 39 50 35 42 68 53 35 17 53 58 51 44 30 13 24 52 22 54 46 23 47 26 49 66 81 45 66 54 51 48 36 11 42 59 67 30 42 63 66 69 43 61 68 60 37 42 55 48 43 48 44 63 45 50 37 82 14 50 49 62 83 40 76 25 45 43 104 53 61 52 49 74 37 51 76 66 61 38 40 53 67 22 43 60 37 65 53 66 65 42 28 47 39 59 21 26 44 55 57 47 27 44 65 44 56 70 33 62 83 48 53 76 93 83 53 
78 46 62 52 45 59 75 63 82 49 46 39 62 33 48 37 37 60 6 56 46 50 39 35 37 51 57 48 22 29 47 67 63 3 45 63 51 57 55 54 46 51 59 15 8 39 45 55 45 41 37 40 38 38 62 33 46 77 78 37 61 38 66 50 42 32 26 43 63 50 37 27 55 49 25 76 61 81 45 52 41 45 46 57 50 41 34 36 29 39 29 51 55 66 78 50 78 40 61 75 72 10 67 55 55 40 40 62 51 50 73 40 37 59 24 43 6 63 43 52 24 65 31 44 43 53 31 66 42 42 40 72 29 29 53 36 66 26 13 62 44 61 78 40 54 78 91 75 59 
89 71 94 65 67 48 94 70 98 38 29 39 89 40 85 49 69 63 69 39 60 77 72 69 74 77 81 80 85 64 60 87 68 60 59 52 64 73 91 61 44 56 92 51 56 46 34 52 60 52 53 52 75 52 34 64 35 75 67 36 89 51 80 39 75 49 39 55 81 61 33 75 60 71 38 89 98 98 28 73 51 52 51 52 64 84 36 93 66 94 46 58 69 94 89 71 89 54 72 80 104 56 89 56 78 72 23 64 89 57 80 29 26 92 77 60 63 46 68 51 58 76 63 71 32 67 68 90 59 55 64 79 43 34 58 71 82 37 70 87 42 72 89 64 57 67 122 60 62 
78 3 74 78 17 27 76 46 73 60 51 56 46 44 24 60 49 46 49 61 49 23 23 78 35 35 33 32 60 61 51 57 73 40 50 23 46 57 92 37 59 28 43 52 45 50 56 24 34 68 48 32 36 47 73 54 57 70 89 48 56 65 75 56 26 47 53 37 39 7 50 40 39 63 54 52 53 89 48 19 33 59 56 56 49 41 53 73 33 59 50 40 48 55 78 17 78 49 38 32 84 47 39 75 53 52 45 63 66 67 56 46 48 43 67 37 43 68 6 61 67 41 43 53 54 46 35 42 50 37 55 32 65 56 10 40 62 55 50 60 57 37 76 44 74 78 56 79 47 
87 58 93 64 44 47 93 55 97 43 34 38 61 39 53 40 68 15 58 44 31 82 38 67 56 50 74 47 59 69 59 86 49 55 30 51 63 60 93 46 49 54 58 67 55 45 39 57 61 51 47 51 57 46 56 63 16 80 66 35 87 50 74 38 41 54 38 54 68 66 32 74 59 32 37 79 80 103 33 78 50 57 32 38 35 68 35 88 48 75 51 43 40 96 87 76 87 48 46 85 103 62 66 61 72 71 28 80 87 56 64 28 25 58 58 65 52 51 61 30 56 44 62 70 37 38 50 83 64 54 35 84 23 33 63 55 81 36 65 81 47 40 87 45 62 66 101 94 16 
59 62 65 47 60 54 84 51 69 48 41 34 57 39 56 16 59 41 18 50 27 59 54 11 52 59 70 59 34 53 42 59 58 27 26 58 46 51 77 42 42 46 74 39 32 45 46 50 55 36 31 51 53 30 59 57 41 59 73 35 59 33 54 45 57 42 21 54 71 62 32 51 50 56 20 59 76 91 40 67 50 59 41 64 31 53 29 60 44 63 39 39 36 78 59 65 59 28 42 59 75 34 59 60 56 64 35 59 59 45 61 35 32 66 48 53 24 58 59 56 22 52 55 53 44 34 46 79 52 37 31 59 49 24 59 51 78 21 37 59 40 56 59 54 59 59 106 88 40 
70 38 57 70 41 62 68 38 73 54 59 57 70 36 17 36 43 29 70 63 45 64 36 63 28 48 74 45 73 80 50 70 77 62 44 58 59 24 90 47 57 52 54 64 57 42 62 56 58 70 44 26 29 45 67 60 59 70 91 40 70 68 73 57 33 55 56 29 32 48 43 76 60 46 55 43 52 92 58 60 25 56 60 48 42 65 46 93 36 79 52 50 41 86 70 58 70 47 31 70 67 59 63 71 46 46 53 65 70 60 28 47 50 50 75 66 65 76 41 44 52 8 37 66 60 39 34 83 53 50 49 70 67 57 51 39 56 54 70 53 55 4 70 47 70 70 91 74 30 
47 40 31 47 26 47 55 53 67 52 46 44 47 23 46 62 6 48 37 56 53 47 32 66 47 44 60 41 53 60 47 47 64 34 52 47 65 47 86 44 47 47 52 46 39 29 47 51 43 50 50 11 48 49 47 47 46 47 78 27 47 47 73 44 35 56 43 16 61 50 30 58 63 58 42 47 71 98 45 55 12 47 47 35 47 50 33 67 42 59 58 41 49 49 47 53 47 47 42 47 41 41 47 48 65 9 40 47 47 62 57 34 37 52 55 64 31 63 43 62 55 37 12 47 49 47 44 62 59 56 47 47 54 44 47 49 35 41 44 47 47 33 47 47 47 47 60 61 47 
104 56 102 58 46 67 31 72 68 59 54 47 79 52 49 61 78 64 50 64 52 62 41 64 59 53 66 50 66 67 46 48 71 41 51 71 25 73 79 67 64 25 61 39 46 58 55 29 29 47 53 61 60 54 72 57 54 94 86 48 24 44 76 58 44 42 32 61 64 46 45 65 63 77 33 91 83 91 53 58 62 68 54 77 46 70 42 74 51 46 45 64 45 88 102 56 81 56 35 65 99 34 68 77 72 78 48 42 34 58 82 48 45 61 68 42 44 71 53 70 53 66 72 32 57 43 53 75 52 16 56 71 62 37 43 57 91 34 51 84 64 62 94 62 78 86 109 96 65 
75 57 75 51 45 34 80 51 67 6 3 25 68 26 56 48 55 49 49 13 38 63 47 55 45 59 60 56 65 32 46 58 49 46 38 38 50 42 68 47 30 42 66 58 42 32 2 38 28 38 22 38 46 23 19 32 21 61 53 22 75 37 51 25 50 17 25 41 67 47 19 61 46 57 24 61 68 66 14 59 37 20 37 20 43 69 22 71 37 80 14 44 48 62 75 57 75 25 46 66 85 53 67 24 49 58 9 46 75 43 61 15 12 67 63 28 43 32 54 37 44 60 49 57 4 46 39 69 27 41 33 47 29 20 44 44 68 23 48 69 28 58 75 48 25 49 104 83 48 
65 43 81 65 47 41 73 33 78 40 49 57 39 39 22 18 56 23 52 41 9 65 41 45 33 53 52 50 65 66 51 59 64 50 8 37 36 45 62 24 36 36 59 53 47 33 48 40 49 53 25 39 34 24 53 51 54 52 94 43 65 55 52 57 38 36 43 34 37 53 46 66 21 38 44 64 57 74 48 65 38 65 62 61 3 71 49 83 38 61 33 21 2 74 65 63 65 26 8 65 91 53 65 58 50 59 53 53 65 63 43 50 53 48 77 47 53 67 46 38 34 39 50 43 46 4 39 61 46 27 13 65 61 47 54 44 69 45 60 58 34 35 65 49 59 65 96 83 22 
74 32 75 65 18 53 77 42 51 43 42 52 61 45 17 42 50 35 37 36 31 58 12 57 6 24 52 21 53 54 16 36 43 28 32 49 46 37 63 46 28 28 32 40 23 51 41 32 35 45 17 33 7 16 56 43 42 59 89 49 68 48 44 56 15 28 39 38 32 42 50 42 60 52 38 56 30 58 40 54 34 33 26 57 37 42 47 61 2 57 25 43 41 73 73 52 74 18 31 61 85 35 40 61 24 53 45 31 69 38 52 49 48 32 52 39 31 68 35 50 46 34 44 53 39 39 4 61 19 37 37 60 60 42 45 5 63 39 38 31 26 30 65 13 62 74 85 44 36 
108 45 93 101 55 69 106 76 94 63 72 83 22 82 66 63 68 68 72 82 52 51 49 90 67 61 9 58 57 37 77 46 100 63 53 65 68 88 114 67 79 50 29 75 68 76 71 46 72 90 68 70 68 67 76 79 79 108 111 80 84 87 95 83 52 64 75 75 51 35 77 68 81 83 76 80 77 113 70 43 71 87 83 89 58 76 80 96 59 66 61 64 63 13 70 45 105 69 69 54 103 70 77 79 85 71 67 85 78 99 86 73 70 69 90 59 66 90 42 83 79 83 62 75 69 61 61 18 74 59 58 60 87 78 32 66 97 77 73 74 77 79 102 70 80 108 98 105 67 
82 47 90 60 33 53 83 50 62 33 30 47 67 48 36 48 65 50 48 40 37 67 27 63 25 39 67 36 64 59 35 55 58 43 38 49 56 41 67 52 34 38 47 55 38 43 29 34 23 51 21 48 26 22 46 25 48 65 80 44 74 54 50 47 30 10 52 53 51 51 41 57 65 67 51 60 49 39 41 63 49 47 41 47 43 57 44 71 17 76 13 49 48 61 82 61 75 24 50 64 100 50 55 51 43 68 36 30 82 57 60 37 39 47 66 21 42 59 50 64 52 53 59 52 27 46 19 74 20 47 43 74 56 47 48 24 44 50 53 50 32 49 80 28 52 75 100 63 51 
88 40 88 42 31 51 47 56 84 43 38 31 63 36 33 45 63 48 48 48 36 46 25 48 43 37 50 34 64 65 30 32 55 39 35 55 9 66 89 51 48 9 45 51 37 42 43 13 45 31 48 46 44 49 56 52 38 78 70 32 40 28 60 42 28 37 16 45 48 30 29 56 47 61 17 75 67 86 37 42 47 52 38 61 30 55 26 72 35 62 40 48 29 72 86 40 88 51 19 49 83 46 53 61 56 66 32 26 50 42 66 32 29 45 64 26 42 55 37 54 37 50 57 16 41 27 37 59 47 18 40 55 46 21 27 41 76 18 49 68 50 46 78 46 62 70 93 80 49 
62 52 78 62 49 54 86 30 82 27 36 57 36 36 35 15 62 20 46 41 6 62 43 42 43 55 49 52 62 53 53 62 76 37 5 50 49 42 68 21 33 49 63 49 42 30 35 53 46 50 22 48 44 21 40 48 51 62 86 40 62 53 49 57 46 33 52 47 50 62 43 61 34 35 51 61 67 82 45 70 47 53 59 53 10 73 46 70 35 74 30 18 15 71 62 68 62 23 21 62 88 44 62 45 47 66 42 62 62 60 40 47 45 35 64 44 40 64 55 35 31 49 57 56 33 13 37 58 43 40 10 62 58 53 62 42 77 52 47 62 31 45 62 46 46 62 105 81 19 
98 35 82 97 49 59 102 78 105 53 50 72 64 73 56 92 63 78 78 60 81 41 55 102 66 67 51 64 74 79 76 75 96 69 82 55 64 89 115 69 77 46 71 81 64 79 49 42 66 85 69 64 67 70 66 79 68 98 100 69 65 83 97 72 58 64 71 69 71 25 66 58 71 95 71 70 71 113 61 37 65 27 84 67 81 55 69 101 62 43 61 72 80 73 98 35 98 72 70 50 92 76 71 71 83 48 56 53 55 90 88 62 59 75 96 55 72 79 32 84 91 73 57 71 47 78 60 60 74 55 80 50 76 67 28 65 74 70 79 91 75 69 98 73 72 96 88 104 79 
80 63 85 56 58 39 85 61 89 35 26 30 80 31 76 63 60 38 35 36 54 74 61 60 66 68 78 70 51 58 51 78 59 32 53 43 55 70 84 52 41 53 81 44 37 37 31 49 57 43 50 43 67 49 48 55 26 72 58 27 80 42 77 30 64 46 30 46 72 58 24 56 51 55 29 80 90 95 25 70 42 49 42 49 58 70 27 65 58 68 43 49 63 91 80 68 80 51 65 77 95 39 80 53 75 63 20 72 80 48 71 20 17 81 53 57 29 43 65 23 49 67 54 62 29 61 60 87 56 46 58 76 34 25 55 62 73 28 42 80 39 63 80 55 54 58 113 91 39 
71 54 75 31 48 30 68 51 80 26 17 10 71 21 54 40 50 45 35 27 51 64 46 35 48 58 69 55 51 52 26 53 42 26 50 34 30 61 78 42 32 30 66 38 22 27 22 34 48 20 41 33 49 40 39 45 17 57 49 17 61 17 68 21 49 37 5 36 62 49 14 41 26 46 4 71 71 86 16 61 32 40 25 40 50 50 11 59 43 68 34 39 45 82 71 59 71 42 40 68 72 33 70 44 66 53 11 47 71 29 61 11 8 66 51 47 29 34 56 33 24 57 44 37 20 47 42 78 47 21 53 67 25 6 46 37 63 3 36 71 30 53 71 38 45 49 90 76 44 
88 13 84 69 27 37 74 56 83 50 41 51 36 52 34 70 59 56 59 51 59 19 33 75 45 45 23 42 70 51 57 47 80 50 60 33 36 67 95 47 54 18 43 62 55 58 46 14 44 58 49 42 46 50 63 53 47 80 79 48 52 55 69 51 36 38 43 47 46 3 45 36 49 73 44 48 49 87 38 15 43 55 63 64 57 51 48 77 43 55 41 50 56 45 84 13 73 52 46 22 94 57 49 65 63 62 35 53 62 69 66 41 38 53 77 27 53 58 10 63 64 51 53 43 44 54 45 32 48 27 65 28 55 46 6 50 72 45 60 70 52 47 86 54 64 79 66 89 57 
69 37 80 60 23 58 82 37 56 48 47 47 66 50 22 47 55 40 42 41 36 63 17 62 11 29 57 26 58 59 11 41 48 33 37 54 50 42 68 46 33 33 37 45 28 56 46 37 40 49 22 38 12 21 56 48 47 64 86 48 69 46 49 58 20 33 34 43 37 47 45 47 63 57 33 61 35 63 45 59 39 38 31 62 42 47 42 66 7 62 30 48 46 78 69 57 69 23 36 66 90 40 45 66 29 58 48 26 69 43 47 48 45 37 57 44 36 71 40 55 51 39 49 57 44 44 5 66 24 41 42 65 62 37 50 10 68 34 43 36 31 35 69 18 67 69 90 39 41 
82 59 66 82 45 72 74 72 101 71 65 63 82 42 65 62 41 74 72 72 72 82 51 89 69 63 91 60 88 93 79 82 36 67 72 74 85 72 110 63 70 67 71 70 62 48 70 71 62 53 65 30 70 66 82 66 65 82 97 46 82 56 94 63 54 54 62 35 80 69 49 81 79 87 61 82 93 83 64 81 31 77 53 54 72 69 52 100 61 94 57 60 71 84 82 79 82 68 61 82 76 65 67 83 87 26 59 74 82 56 76 53 56 71 79 65 66 82 62 81 78 56 35 82 68 69 63 97 44 76 77 74 73 63 72 68 52 60 77 82 72 52 82 66 82 82 77 80 75 
74 57 72 28 45 33 65 48 83 27 20 13 74 18 51 37 47 48 32 30 48 61 43 32 45 55 68 52 48 49 23 50 39 23 47 37 27 64 75 39 34 27 63 35 19 24 25 31 51 17 44 30 46 43 40 42 20 60 52 14 58 14 71 24 46 40 2 33 59 48 11 38 29 43 1 74 68 89 19 60 29 43 22 43 48 53 8 56 40 65 37 36 47 85 74 58 74 45 37 67 69 30 67 45 63 50 14 44 68 26 58 14 11 63 48 44 26 37 55 36 21 54 41 34 23 45 39 77 50 18 52 70 28 3 45 34 60 2 33 70 33 50 74 35 46 52 87 73 47 
87 53 71 59 52 47 82 76 80 54 45 46 75 46 55 44 50 67 19 55 53 57 46 48 44 58 64 55 35 36 54 74 70 10 52 51 58 70 62 67 59 58 66 22 15 52 50 62 58 48 50 47 45 50 67 40 53 87 85 47 74 45 78 57 49 45 33 50 70 57 44 34 62 62 32 87 68 92 52 59 48 52 53 68 57 54 41 23 36 52 42 64 62 66 87 57 87 52 68 82 81 17 74 62 62 53 47 69 64 57 86 47 44 66 37 56 13 70 50 65 37 72 44 51 48 60 38 73 53 49 47 79 42 36 60 43 77 33 20 60 57 68 87 47 61 85 104 82 66 
105 57 102 96 49 81 108 73 20 63 70 80 78 76 36 73 81 66 68 67 62 83 43 88 25 55 65 52 84 37 47 67 74 59 63 77 77 68 94 77 47 59 63 71 54 82 71 63 59 64 48 64 24 47 76 74 73 78 108 77 96 67 75 73 46 59 70 69 51 67 74 73 79 83 69 87 47 89 59 79 65 64 57 88 61 73 77 49 33 74 56 74 60 86 104 77 105 49 50 92 112 66 71 81 41 84 64 62 86 55 70 70 67 63 81 70 62 87 60 81 77 53 75 84 69 58 31 74 50 68 68 91 84 73 70 36 94 70 60 40 45 49 96 44 82 101 110 75 67 
72 54 81 60 40 44 90 40 65 34 25 35 55 36 43 36 65 41 50 30 25 71 34 51 32 46 68 43 66 60 42 62 64 47 26 48 59 31 57 40 2 42 54 57 45 42 30 38 35 19 11 48 33 10 47 37 31 33 63 32 62 22 38 35 37 22 34 51 58 55 29 64 55 56 34 50 56 71 14 67 47 48 47 48 31 64 32 80 24 83 19 37 36 67 72 65 72 12 42 72 71 52 62 52 36 68 19 57 72 53 50 25 22 54 68 33 44 42 57 47 40 55 59 64 28 34 26 77 32 50 31 72 39 30 52 31 72 33 57 45 4 51 72 35 53 63 89 70 40 
66 34 53 66 37 58 64 34 69 58 55 53 66 32 13 40 39 25 66 59 41 60 32 67 24 44 70 41 69 84 46 66 73 58 40 54 55 20 86 43 53 48 50 60 53 38 60 52 54 66 40 22 25 41 66 56 55 66 87 36 66 64 69 53 29 51 52 25 28 44 39 72 56 42 51 39 48 88 54 56 21 60 56 44 38 61 42 89 32 75 48 46 37 82 66 54 66 43 27 66 63 55 59 67 42 42 49 61 66 56 24 43 46 46 71 62 61 72 37 40 56 4 33 62 58 35 30 79 49 46 45 66 63 53 47 35 52 50 66 49 51 8 66 43 66 66 87 70 26 
127 73 116 103 59 94 118 95 115 95 89 90 104 86 66 83 91 76 98 97 74 99 53 107 71 65 93 62 102 114 81 101 72 89 73 90 87 98 73 89 89 69 73 101 84 92 94 73 76 92 78 74 72 77 108 78 71 120 121 90 80 89 105 93 50 87 77 79 81 83 87 103 102 77 76 117 95 119 88 95 75 98 55 98 78 83 85 122 63 102 86 86 83 115 114 93 127 79 80 95 126 96 81 99 89 94 83 96 90 92 103 83 80 33 81 86 92 104 76 87 96 83 85 94 92 81 65 102 80 78 68 108 97 80 86 70 104 77 99 96 87 79 66 68 100 121 126 44 77 
87 41 84 61 27 60 86 55 64 52 47 48 70 52 30 51 59 35 46 45 40 67 21 65 19 33 61 30 62 63 29 49 30 37 41 58 55 46 72 55 37 37 41 49 32 58 50 41 44 50 26 42 20 25 65 52 29 68 79 48 77 47 53 51 24 37 35 47 45 51 45 51 64 52 34 65 43 67 46 63 43 46 13 66 46 51 43 70 11 70 34 52 51 82 82 61 87 27 44 74 94 44 49 70 37 62 41 44 82 50 65 41 38 41 39 48 40 64 44 45 54 47 53 62 48 49 13 70 28 46 46 73 55 38 54 18 66 35 47 44 35 43 68 22 71 79 94 57 36 
100 77 100 74 67 59 102 71 89 19 28 50 82 48 79 61 77 52 60 38 52 83 69 78 68 81 73 78 76 45 69 83 74 51 51 63 71 67 89 67 55 54 89 49 56 54 27 50 50 62 47 60 69 48 32 38 46 86 78 44 100 59 76 50 66 42 48 63 89 67 41 75 71 69 47 80 92 91 39 79 59 45 62 45 56 91 38 84 60 93 39 64 61 67 100 77 100 50 67 86 110 44 89 1 74 80 34 62 100 68 81 40 37 81 78 53 54 57 74 62 67 73 71 78 25 59 62 80 52 62 46 72 54 45 64 67 90 46 61 82 53 77 100 71 2 74 81 106 53 
98 81 103 80 76 57 103 79 113 55 50 48 98 49 89 89 78 78 84 60 79 98 74 84 78 62 102 65 100 81 75 98 66 75 80 61 79 90 116 70 65 77 94 87 71 55 51 73 77 61 70 61 77 71 68 73 50 96 82 45 98 64 99 28 77 65 54 64 83 82 42 75 72 80 53 98 100 114 49 94 60 69 66 69 85 99 45 108 84 109 62 67 83 110 98 92 98 73 89 98 112 82 98 73 94 81 44 95 98 46 89 38 41 94 92 76 78 67 84 66 73 85 72 86 49 85 84 111 75 70 82 96 58 49 79 86 91 52 85 98 63 81 98 79 74 56 131 109 77 
107 53 91 107 67 77 115 96 123 98 105 100 102 83 74 110 66 96 97 115 99 79 73 117 85 85 89 82 110 117 101 107 113 94 100 73 102 107 140 87 87 84 93 100 99 89 106 80 84 70 98 71 86 97 107 104 105 107 137 87 107 73 125 103 76 97 85 76 89 63 90 96 89 113 86 107 97 139 103 75 72 107 106 95 99 91 93 127 83 115 100 90 98 109 107 73 107 99 88 88 101 95 89 80 103 51 99 107 107 111 106 93 96 93 115 93 91 122 56 101 106 91 60 107 104 96 85 98 100 93 105 88 113 90 66 90 77 87 104 107 89 87 107 94 81 107 102 121 97 
108 76 92 99 62 80 92 76 95 87 82 81 105 60 61 86 67 79 81 80 75 102 56 99 50 68 96 65 97 98 50 80 87 72 76 84 89 81 60 81 72 72 76 84 67 66 85 76 79 88 61 50 51 60 94 84 83 103 115 64 108 85 88 81 59 72 73 53 76 86 67 86 100 96 72 100 74 102 81 98 49 77 70 72 81 86 70 105 46 101 69 78 85 110 108 96 108 62 75 105 102 79 84 105 68 70 76 65 108 82 86 71 74 76 96 83 75 60 79 94 88 74 61 96 83 83 44 105 63 80 81 104 91 76 89 39 80 73 82 75 70 70 44 57 106 108 121 78 80 
71 44 79 71 30 58 89 39 86 46 45 49 45 45 39 24 62 1 58 50 15 70 24 51 42 36 58 33 43 72 52 71 65 56 14 59 58 46 77 30 42 40 44 59 53 39 50 44 47 59 31 45 43 30 59 55 32 71 77 46 71 61 58 49 27 42 49 50 54 54 43 72 43 16 48 65 66 90 44 66 46 68 48 54 19 54 46 89 34 83 39 27 24 80 71 64 71 32 30 71 89 63 52 52 56 65 39 67 71 67 49 39 36 44 72 53 59 62 47 16 40 30 56 65 48 22 36 67 51 49 19 71 39 44 57 41 75 47 66 67 40 26 71 36 53 71 97 80 2 
